1	1	[1]	[]
2	10	[2]	[]
3	11	[1 2]	[]
4	100	[3]	[]
5	101	[1 3]	[]
6	110	[2 3]	[]
7	111	[1 2 3]	[]
8	1000	[4]	[8]
9	1001	[1 4]	[8 2 5]
10	1010	[2 4]	[8 4 6]
11	1011	[1 2 4]	[2 3 4 5 6 8]
12	1100	[3 4]	[8 6 7]
13	1101	[1 3 4]	[2 4 5 6 7 8]
14	1110	[2 3 4]	[4 5 6 7 8]
15	1111	[1 2 3 4]	[2 3 4 5 6 7 8]
16	10000	[5]	[10]
17	10001	[1 5]	[2 10 6]
18	10010	[2 5]	[10 4 7]
19	10011	[1 2 5]	[2 3 4 6 7 10]
20	10100	[3 5]	[8 10 6]
21	10101	[1 3 5]	[2 4 6 8 10]
22	10110	[2 3 5]	[4 5 6 7 8 10]
23	10111	[1 2 3 5]	[2 3 4 5 6 7 8 10]
24	11000	[4 5]	[8 9 10]
25	11001	[1 4 5]	[2 5 6 8 9 10]
26	11010	[2 4 5]	[4 6 7 8 9 10]
27	11011	[1 2 4 5]	[2 3 4 5 6 7 8 9 10]
28	11100	[3 4 5]	[6 7 8 9 10]
29	11101	[1 3 4 5]	[2 4 5 6 7 8 9 10]
30	11110	[2 3 4 5]	[4 5 6 7 8 9 10]
31	11111	[1 2 3 4 5]	[2 3 4 5 6 7 8 9 10]
32	100000	[6]	[12]
33	100001	[1 6]	[2 12 7]
34	100010	[2 6]	[8 4 12]
35	100011	[1 2 6]	[2 3 4 7 8 12]
36	100100	[3 6]	[9 12 6]
37	100101	[1 3 6]	[2 4 6 7 9 12]
38	100110	[2 3 6]	[4 5 6 8 9 12]
39	100111	[1 2 3 6]	[2 3 4 5 6 7 8 9 12]
40	101000	[4 6]	[8 10 12]
41	101001	[1 4 6]	[2 5 7 8 10 12]
42	101010	[2 4 6]	[4 6 8 10 12]
43	101011	[1 2 4 6]	[2 3 4 5 6 7 8 10 12]
44	101100	[3 4 6]	[6 7 8 9 10 12]
45	101101	[1 3 4 6]	[2 4 5 6 7 8 9 10 12]
46	101110	[2 3 4 6]	[4 5 6 7 8 9 10 12]
47	101111	[1 2 3 4 6]	[2 3 4 5 6 7 8 9 10 12]
48	110000	[5 6]	[10 11 12]
49	110001	[1 5 6]	[2 6 7 10 11 12]
50	110010	[2 5 6]	[4 7 8 10 11 12]
51	110011	[1 2 5 6]	[2 3 4 6 7 8 10 11 12]
52	110100	[3 5 6]	[6 8 9 10 11 12]
53	110101	[1 3 5 6]	[2 4 6 7 8 9 10 11 12]
54	110110	[2 3 5 6]	[4 5 6 7 8 9 10 11 12]
55	110111	[1 2 3 5 6]	[2 3 4 5 6 7 8 9 10 11 12]
56	111000	[4 5 6]	[8 9 10 11 12]
57	111001	[1 4 5 6]	[2 5 6 7 8 9 10 11 12]
58	111010	[2 4 5 6]	[4 6 7 8 9 10 11 12]
59	111011	[1 2 4 5 6]	[2 3 4 5 6 7 8 9 10 11 12]
60	111100	[3 4 5 6]	[6 7 8 9 10 11 12]
61	111101	[1 3 4 5 6]	[2 4 5 6 7 8 9 10 11 12]
62	111110	[2 3 4 5 6]	[4 5 6 7 8 9 10 11 12]
63	111111	[1 2 3 4 5 6]	[2 3 4 5 6 7 8 9 10 11 12]
64	1000000	[7]	[14]
65	1000001	[1 7]	[8 2 14]
66	1000010	[2 7]	[9 4 14]
67	1000011	[1 2 7]	[2 3 4 8 9 14]
68	1000100	[3 7]	[10 6 14]
69	1000101	[1 3 7]	[2 4 6 8 10 14]
70	1000110	[2 3 7]	[4 5 6 9 10 14]
71	1000111	[1 2 3 7]	[2 3 4 5 6 8 9 10 14]
72	1001000	[4 7]	[8 11 14]
73	1001001	[1 4 7]	[2 5 8 11 14]
74	1001010	[2 4 7]	[4 6 8 9 11 14]
75	1001011	[1 2 4 7]	[2 3 4 5 6 8 9 11 14]
76	1001100	[3 4 7]	[6 7 8 10 11 14]
77	1001101	[1 3 4 7]	[2 4 5 6 7 8 10 11 14]
78	1001110	[2 3 4 7]	[4 5 6 7 8 9 10 11 14]
79	1001111	[1 2 3 4 7]	[2 3 4 5 6 7 8 9 10 11 14]
80	1010000	[5 7]	[10 12 14]
81	1010001	[1 5 7]	[2 6 8 10 12 14]
82	1010010	[2 5 7]	[4 7 9 10 12 14]
83	1010011	[1 2 5 7]	[2 3 4 6 7 8 9 10 12 14]
84	1010100	[3 5 7]	[6 8 10 12 14]
85	1010101	[1 3 5 7]	[2 4 6 8 10 12 14]
86	1010110	[2 3 5 7]	[4 5 6 7 8 9 10 12 14]
87	1010111	[1 2 3 5 7]	[2 3 4 5 6 7 8 9 10 12 14]
88	1011000	[4 5 7]	[8 9 10 11 12 14]
89	1011001	[1 4 5 7]	[2 5 6 8 9 10 11 12 14]
90	1011010	[2 4 5 7]	[4 6 7 8 9 10 11 12 14]
91	1011011	[1 2 4 5 7]	[2 3 4 5 6 7 8 9 10 11 12 14]
92	1011100	[3 4 5 7]	[6 7 8 9 10 11 12 14]
93	1011101	[1 3 4 5 7]	[2 4 5 6 7 8 9 10 11 12 14]
94	1011110	[2 3 4 5 7]	[4 5 6 7 8 9 10 11 12 14]
95	1011111	[1 2 3 4 5 7]	[2 3 4 5 6 7 8 9 10 11 12 14]
96	1100000	[6 7]	[12 13 14]
97	1100001	[1 6 7]	[2 7 8 12 13 14]
98	1100010	[2 6 7]	[4 8 9 12 13 14]
99	1100011	[1 2 6 7]	[2 3 4 7 8 9 12 13 14]
100	1100100	[3 6 7]	[6 9 10 12 13 14]
101	1100101	[1 3 6 7]	[2 4 6 7 8 9 10 12 13 14]
102	1100110	[2 3 6 7]	[4 5 6 8 9 10 12 13 14]
103	1100111	[1 2 3 6 7]	[2 3 4 5 6 7 8 9 10 12 13 14]
104	1101000	[4 6 7]	[8 10 11 12 13 14]
105	1101001	[1 4 6 7]	[2 5 7 8 10 11 12 13 14]
106	1101010	[2 4 6 7]	[4 6 8 9 10 11 12 13 14]
107	1101011	[1 2 4 6 7]	[2 3 4 5 6 7 8 9 10 11 12 13 14]
108	1101100	[3 4 6 7]	[6 7 8 9 10 11 12 13 14]
109	1101101	[1 3 4 6 7]	[2 4 5 6 7 8 9 10 11 12 13 14]
110	1101110	[2 3 4 6 7]	[4 5 6 7 8 9 10 11 12 13 14]
111	1101111	[1 2 3 4 6 7]	[2 3 4 5 6 7 8 9 10 11 12 13 14]
112	1110000	[5 6 7]	[10 11 12 13 14]
113	1110001	[1 5 6 7]	[2 6 7 8 10 11 12 13 14]
114	1110010	[2 5 6 7]	[4 7 8 9 10 11 12 13 14]
115	1110011	[1 2 5 6 7]	[2 3 4 6 7 8 9 10 11 12 13 14]
116	1110100	[3 5 6 7]	[6 8 9 10 11 12 13 14]
117	1110101	[1 3 5 6 7]	[2 4 6 7 8 9 10 11 12 13 14]
118	1110110	[2 3 5 6 7]	[4 5 6 7 8 9 10 11 12 13 14]
119	1110111	[1 2 3 5 6 7]	[2 3 4 5 6 7 8 9 10 11 12 13 14]
120	1111000	[4 5 6 7]	[8 9 10 11 12 13 14]
121	1111001	[1 4 5 6 7]	[2 5 6 7 8 9 10 11 12 13 14]
122	1111010	[2 4 5 6 7]	[4 6 7 8 9 10 11 12 13 14]
123	1111011	[1 2 4 5 6 7]	[2 3 4 5 6 7 8 9 10 11 12 13 14]
124	1111100	[3 4 5 6 7]	[6 7 8 9 10 11 12 13 14]
125	1111101	[1 3 4 5 6 7]	[2 4 5 6 7 8 9 10 11 12 13 14]
126	1111110	[2 3 4 5 6 7]	[4 5 6 7 8 9 10 11 12 13 14]
127	1111111	[1 2 3 4 5 6 7]	[2 3 4 5 6 7 8 9 10 11 12 13 14]
128	10000000		[8]	[16]
129	10000001		[1 8]	[16 9 2]
130	10000010		[2 8]	[16 10 4]
131	10000011		[1 2 8]	[2 3 4 9 10 16]
132	10000100		[3 8]	[16 11 6]
133	10000101		[1 3 8]	[2 4 6 9 11 16]
134	10000110		[2 3 8]	[4 5 6 10 11 16]
135	10000111		[1 2 3 8]	[2 3 4 5 6 9 10 11 16]
136	10001000		[4 8]	[8 16 12]
137	10001001		[1 4 8]	[2 5 8 9 12 16]
138	10001010		[2 4 8]	[4 6 8 10 12 16]
139	10001011		[1 2 4 8]	[2 3 4 5 6 8 9 10 12 16]
140	10001100		[3 4 8]	[6 7 8 11 12 16]
141	10001101		[1 3 4 8]	[2 4 5 6 7 8 9 11 12 16]
142	10001110		[2 3 4 8]	[4 5 6 7 8 10 11 12 16]
143	10001111		[1 2 3 4 8]	[2 3 4 5 6 7 8 9 10 11 12 16]
144	10010000		[5 8]	[16 10 13]
145	10010001		[1 5 8]	[2 6 9 10 13 16]
146	10010010		[2 5 8]	[4 7 10 13 16]
147	10010011		[1 2 5 8]	[2 3 4 6 7 9 10 13 16]
148	10010100		[3 5 8]	[6 8 10 11 13 16]
149	10010101		[1 3 5 8]	[2 4 6 8 9 10 11 13 16]
150	10010110		[2 3 5 8]	[4 5 6 7 8 10 11 13 16]
151	10010111		[1 2 3 5 8]	[2 3 4 5 6 7 8 9 10 11 13 16]
152	10011000		[4 5 8]	[8 9 10 12 13 16]
153	10011001		[1 4 5 8]	[2 5 6 8 9 10 12 13 16]
154	10011010		[2 4 5 8]	[4 6 7 8 9 10 12 13 16]
155	10011011		[1 2 4 5 8]	[2 3 4 5 6 7 8 9 10 12 13 16]
156	10011100		[3 4 5 8]	[6 7 8 9 10 11 12 13 16]
157	10011101		[1 3 4 5 8]	[2 4 5 6 7 8 9 10 11 12 13 16]
158	10011110		[2 3 4 5 8]	[4 5 6 7 8 9 10 11 12 13 16]
159	10011111		[1 2 3 4 5 8]	[2 3 4 5 6 7 8 9 10 11 12 13 16]
160	10100000		[6 8]	[16 12 14]
161	10100001		[1 6 8]	[2 7 9 12 14 16]
162	10100010		[2 6 8]	[4 8 10 12 14 16]
163	10100011		[1 2 6 8]	[2 3 4 7 8 9 10 12 14 16]
164	10100100		[3 6 8]	[6 9 11 12 14 16]
165	10100101		[1 3 6 8]	[2 4 6 7 9 11 12 14 16]
166	10100110		[2 3 6 8]	[4 5 6 8 9 10 11 12 14 16]
167	10100111		[1 2 3 6 8]	[2 3 4 5 6 7 8 9 10 11 12 14 16]
168	10101000		[4 6 8]	[8 10 12 14 16]
169	10101001		[1 4 6 8]	[2 5 7 8 9 10 12 14 16]
170	10101010		[2 4 6 8]	[4 6 8 10 12 14 16]
171	10101011		[1 2 4 6 8]	[2 3 4 5 6 7 8 9 10 12 14 16]
172	10101100		[3 4 6 8]	[6 7 8 9 10 11 12 14 16]
173	10101101		[1 3 4 6 8]	[2 4 5 6 7 8 9 10 11 12 14 16]
174	10101110		[2 3 4 6 8]	[4 5 6 7 8 9 10 11 12 14 16]
175	10101111		[1 2 3 4 6 8]	[2 3 4 5 6 7 8 9 10 11 12 14 16]
176	10110000		[5 6 8]	[10 11 12 13 14 16]
177	10110001		[1 5 6 8]	[2 6 7 9 10 11 12 13 14 16]
178	10110010		[2 5 6 8]	[4 7 8 10 11 12 13 14 16]
179	10110011		[1 2 5 6 8]	[2 3 4 6 7 8 9 10 11 12 13 14 16]
180	10110100		[3 5 6 8]	[6 8 9 10 11 12 13 14 16]
181	10110101		[1 3 5 6 8]	[2 4 6 7 8 9 10 11 12 13 14 16]
182	10110110		[2 3 5 6 8]	[4 5 6 7 8 9 10 11 12 13 14 16]
183	10110111		[1 2 3 5 6 8]	[2 3 4 5 6 7 8 9 10 11 12 13 14 16]
184	10111000		[4 5 6 8]	[8 9 10 11 12 13 14 16]
185	10111001		[1 4 5 6 8]	[2 5 6 7 8 9 10 11 12 13 14 16]
186	10111010		[2 4 5 6 8]	[4 6 7 8 9 10 11 12 13 14 16]
187	10111011		[1 2 4 5 6 8]	[2 3 4 5 6 7 8 9 10 11 12 13 14 16]
188	10111100		[3 4 5 6 8]	[6 7 8 9 10 11 12 13 14 16]
189	10111101		[1 3 4 5 6 8]	[2 4 5 6 7 8 9 10 11 12 13 14 16]
190	10111110		[2 3 4 5 6 8]	[4 5 6 7 8 9 10 11 12 13 14 16]
191	10111111		[1 2 3 4 5 6 8]	[2 3 4 5 6 7 8 9 10 11 12 13 14 16]
192	11000000		[7 8]	[16 14 15]
193	11000001		[1 7 8]	[2 8 9 14 15 16]
194	11000010		[2 7 8]	[4 9 10 14 15 16]
195	11000011		[1 2 7 8]	[2 3 4 8 9 10 14 15 16]
196	11000100		[3 7 8]	[6 10 11 14 15 16]
197	11000101		[1 3 7 8]	[2 4 6 8 9 10 11 14 15 16]
198	11000110		[2 3 7 8]	[4 5 6 9 10 11 14 15 16]
199	11000111		[1 2 3 7 8]	[2 3 4 5 6 8 9 10 11 14 15 16]
200	11001000		[4 7 8]	[8 11 12 14 15 16]
201	11001001		[1 4 7 8]	[2 5 8 9 11 12 14 15 16]
202	11001010		[2 4 7 8]	[4 6 8 9 10 11 12 14 15 16]
203	11001011		[1 2 4 7 8]	[2 3 4 5 6 8 9 10 11 12 14 15 16]
204	11001100		[3 4 7 8]	[6 7 8 10 11 12 14 15 16]
205	11001101		[1 3 4 7 8]	[2 4 5 6 7 8 9 10 11 12 14 15 16]
206	11001110		[2 3 4 7 8]	[4 5 6 7 8 9 10 11 12 14 15 16]
207	11001111		[1 2 3 4 7 8]	[2 3 4 5 6 7 8 9 10 11 12 14 15 16]
208	11010000		[5 7 8]	[10 12 13 14 15 16]
209	11010001		[1 5 7 8]	[2 6 8 9 10 12 13 14 15 16]
210	11010010		[2 5 7 8]	[4 7 9 10 12 13 14 15 16]
211	11010011		[1 2 5 7 8]	[2 3 4 6 7 8 9 10 12 13 14 15 16]
212	11010100		[3 5 7 8]	[6 8 10 11 12 13 14 15 16]
213	11010101		[1 3 5 7 8]	[2 4 6 8 9 10 11 12 13 14 15 16]
214	11010110		[2 3 5 7 8]	[4 5 6 7 8 9 10 11 12 13 14 15 16]
215	11010111		[1 2 3 5 7 8]	[2 3 4 5 6 7 8 9 10 11 12 13 14 15 16]
216	11011000		[4 5 7 8]	[8 9 10 11 12 13 14 15 16]
217	11011001		[1 4 5 7 8]	[2 5 6 8 9 10 11 12 13 14 15 16]
218	11011010		[2 4 5 7 8]	[4 6 7 8 9 10 11 12 13 14 15 16]
219	11011011		[1 2 4 5 7 8]	[2 3 4 5 6 7 8 9 10 11 12 13 14 15 16]
220	11011100		[3 4 5 7 8]	[6 7 8 9 10 11 12 13 14 15 16]
221	11011101		[1 3 4 5 7 8]	[2 4 5 6 7 8 9 10 11 12 13 14 15 16]
222	11011110		[2 3 4 5 7 8]	[4 5 6 7 8 9 10 11 12 13 14 15 16]
223	11011111		[1 2 3 4 5 7 8]	[2 3 4 5 6 7 8 9 10 11 12 13 14 15 16]
224	11100000		[6 7 8]	[12 13 14 15 16]
225	11100001		[1 6 7 8]	[2 7 8 9 12 13 14 15 16]
226	11100010		[2 6 7 8]	[4 8 9 10 12 13 14 15 16]
227	11100011		[1 2 6 7 8]	[2 3 4 7 8 9 10 12 13 14 15 16]
228	11100100		[3 6 7 8]	[6 9 10 11 12 13 14 15 16]
229	11100101		[1 3 6 7 8]	[2 4 6 7 8 9 10 11 12 13 14 15 16]
230	11100110		[2 3 6 7 8]	[4 5 6 8 9 10 11 12 13 14 15 16]
231	11100111		[1 2 3 6 7 8]	[2 3 4 5 6 7 8 9 10 11 12 13 14 15 16]
232	11101000		[4 6 7 8]	[8 10 11 12 13 14 15 16]
233	11101001		[1 4 6 7 8]	[2 5 7 8 9 10 11 12 13 14 15 16]
234	11101010		[2 4 6 7 8]	[4 6 8 9 10 11 12 13 14 15 16]
235	11101011		[1 2 4 6 7 8]	[2 3 4 5 6 7 8 9 10 11 12 13 14 15 16]
236	11101100		[3 4 6 7 8]	[6 7 8 9 10 11 12 13 14 15 16]
237	11101101		[1 3 4 6 7 8]	[2 4 5 6 7 8 9 10 11 12 13 14 15 16]
238	11101110		[2 3 4 6 7 8]	[4 5 6 7 8 9 10 11 12 13 14 15 16]
239	11101111		[1 2 3 4 6 7 8]	[2 3 4 5 6 7 8 9 10 11 12 13 14 15 16]
240	11110000		[5 6 7 8]	[10 11 12 13 14 15 16]
241	11110001		[1 5 6 7 8]	[2 6 7 8 9 10 11 12 13 14 15 16]
242	11110010		[2 5 6 7 8]	[4 7 8 9 10 11 12 13 14 15 16]
243	11110011		[1 2 5 6 7 8]	[2 3 4 6 7 8 9 10 11 12 13 14 15 16]
244	11110100		[3 5 6 7 8]	[6 8 9 10 11 12 13 14 15 16]
245	11110101		[1 3 5 6 7 8]	[2 4 6 7 8 9 10 11 12 13 14 15 16]
246	11110110		[2 3 5 6 7 8]	[4 5 6 7 8 9 10 11 12 13 14 15 16]
247	11110111		[1 2 3 5 6 7 8]	[2 3 4 5 6 7 8 9 10 11 12 13 14 15 16]
248	11111000		[4 5 6 7 8]	[8 9 10 11 12 13 14 15 16]
249	11111001		[1 4 5 6 7 8]	[2 5 6 7 8 9 10 11 12 13 14 15 16]
250	11111010		[2 4 5 6 7 8]	[4 6 7 8 9 10 11 12 13 14 15 16]
251	11111011		[1 2 4 5 6 7 8]	[2 3 4 5 6 7 8 9 10 11 12 13 14 15 16]
252	11111100		[3 4 5 6 7 8]	[6 7 8 9 10 11 12 13 14 15 16]
253	11111101		[1 3 4 5 6 7 8]	[2 4 5 6 7 8 9 10 11 12 13 14 15 16]
254	11111110		[2 3 4 5 6 7 8]	[4 5 6 7 8 9 10 11 12 13 14 15 16]
255	11111111		[1 2 3 4 5 6 7 8]	[2 3 4 5 6 7 8 9 10 11 12 13 14 15 16]
256	100000000		[9]	[18]
257	100000001		[1 9]	[18 2 10]
258	100000010		[2 9]	[18 11 4]
259	100000011		[1 2 9]	[2 3 4 10 11 18]
260	100000100		[3 9]	[18 12 6]
261	100000101		[1 3 9]	[2 4 6 10 12 18]
262	100000110		[2 3 9]	[4 5 6 11 12 18]
263	100000111		[1 2 3 9]	[2 3 4 5 6 10 11 12 18]
264	100001000		[4 9]	[8 18 13]
265	100001001		[1 4 9]	[2 5 8 10 13 18]
266	100001010		[2 4 9]	[4 6 8 11 13 18]
267	100001011		[1 2 4 9]	[2 3 4 5 6 8 10 11 13 18]
268	100001100		[3 4 9]	[6 7 8 12 13 18]
269	100001101		[1 3 4 9]	[2 4 5 6 7 8 10 12 13 18]
270	100001110		[2 3 4 9]	[4 5 6 7 8 11 12 13 18]
271	100001111		[1 2 3 4 9]	[2 3 4 5 6 7 8 10 11 12 13 18]
272	100010000		[5 9]	[10 18 14]
273	100010001		[1 5 9]	[2 6 10 14 18]
274	100010010		[2 5 9]	[4 7 10 11 14 18]
275	100010011		[1 2 5 9]	[2 3 4 6 7 10 11 14 18]
276	100010100		[3 5 9]	[6 8 10 12 14 18]
277	100010101		[1 3 5 9]	[2 4 6 8 10 12 14 18]
278	100010110		[2 3 5 9]	[4 5 6 7 8 10 11 12 14 18]
279	100010111		[1 2 3 5 9]	[2 3 4 5 6 7 8 10 11 12 14 18]
280	100011000		[4 5 9]	[8 9 10 13 14 18]
281	100011001		[1 4 5 9]	[2 5 6 8 9 10 13 14 18]
282	100011010		[2 4 5 9]	[4 6 7 8 9 10 11 13 14 18]
283	100011011		[1 2 4 5 9]	[2 3 4 5 6 7 8 9 10 11 13 14 18]
284	100011100		[3 4 5 9]	[6 7 8 9 10 12 13 14 18]
285	100011101		[1 3 4 5 9]	[2 4 5 6 7 8 9 10 12 13 14 18]
286	100011110		[2 3 4 5 9]	[4 5 6 7 8 9 10 11 12 13 14 18]
287	100011111		[1 2 3 4 5 9]	[2 3 4 5 6 7 8 9 10 11 12 13 14 18]
288	100100000		[6 9]	[18 12 15]
289	100100001		[1 6 9]	[2 7 10 12 15 18]
290	100100010		[2 6 9]	[4 8 11 12 15 18]
291	100100011		[1 2 6 9]	[2 3 4 7 8 10 11 12 15 18]
292	100100100		[3 6 9]	[6 9 12 15 18]
293	100100101		[1 3 6 9]	[2 4 6 7 9 10 12 15 18]
294	100100110		[2 3 6 9]	[4 5 6 8 9 11 12 15 18]
295	100100111		[1 2 3 6 9]	[2 3 4 5 6 7 8 9 10 11 12 15 18]
296	100101000		[4 6 9]	[8 10 12 13 15 18]
297	100101001		[1 4 6 9]	[2 5 7 8 10 12 13 15 18]
298	100101010		[2 4 6 9]	[4 6 8 10 11 12 13 15 18]
299	100101011		[1 2 4 6 9]	[2 3 4 5 6 7 8 10 11 12 13 15 18]
300	100101100		[3 4 6 9]	[6 7 8 9 10 12 13 15 18]
301	100101101		[1 3 4 6 9]	[2 4 5 6 7 8 9 10 12 13 15 18]
302	100101110		[2 3 4 6 9]	[4 5 6 7 8 9 10 11 12 13 15 18]
303	100101111		[1 2 3 4 6 9]	[2 3 4 5 6 7 8 9 10 11 12 13 15 18]
304	100110000		[5 6 9]	[10 11 12 14 15 18]
305	100110001		[1 5 6 9]	[2 6 7 10 11 12 14 15 18]
306	100110010		[2 5 6 9]	[4 7 8 10 11 12 14 15 18]
307	100110011		[1 2 5 6 9]	[2 3 4 6 7 8 10 11 12 14 15 18]
308	100110100		[3 5 6 9]	[6 8 9 10 11 12 14 15 18]
309	100110101		[1 3 5 6 9]	[2 4 6 7 8 9 10 11 12 14 15 18]
310	100110110		[2 3 5 6 9]	[4 5 6 7 8 9 10 11 12 14 15 18]
311	100110111		[1 2 3 5 6 9]	[2 3 4 5 6 7 8 9 10 11 12 14 15 18]
312	100111000		[4 5 6 9]	[8 9 10 11 12 13 14 15 18]
313	100111001		[1 4 5 6 9]	[2 5 6 7 8 9 10 11 12 13 14 15 18]
314	100111010		[2 4 5 6 9]	[4 6 7 8 9 10 11 12 13 14 15 18]
315	100111011		[1 2 4 5 6 9]	[2 3 4 5 6 7 8 9 10 11 12 13 14 15 18]
316	100111100		[3 4 5 6 9]	[6 7 8 9 10 11 12 13 14 15 18]
317	100111101		[1 3 4 5 6 9]	[2 4 5 6 7 8 9 10 11 12 13 14 15 18]
318	100111110		[2 3 4 5 6 9]	[4 5 6 7 8 9 10 11 12 13 14 15 18]
319	100111111		[1 2 3 4 5 6 9]	[2 3 4 5 6 7 8 9 10 11 12 13 14 15 18]
320	101000000		[7 9]	[16 18 14]
321	101000001		[1 7 9]	[2 8 10 14 16 18]
322	101000010		[2 7 9]	[4 9 11 14 16 18]
323	101000011		[1 2 7 9]	[2 3 4 8 9 10 11 14 16 18]
324	101000100		[3 7 9]	[6 10 12 14 16 18]
325	101000101		[1 3 7 9]	[2 4 6 8 10 12 14 16 18]
326	101000110		[2 3 7 9]	[4 5 6 9 10 11 12 14 16 18]
327	101000111		[1 2 3 7 9]	[2 3 4 5 6 8 9 10 11 12 14 16 18]
328	101001000		[4 7 9]	[8 11 13 14 16 18]
329	101001001		[1 4 7 9]	[2 5 8 10 11 13 14 16 18]
330	101001010		[2 4 7 9]	[4 6 8 9 11 13 14 16 18]
331	101001011		[1 2 4 7 9]	[2 3 4 5 6 8 9 10 11 13 14 16 18]
332	101001100		[3 4 7 9]	[6 7 8 10 11 12 13 14 16 18]
333	101001101		[1 3 4 7 9]	[2 4 5 6 7 8 10 11 12 13 14 16 18]
334	101001110		[2 3 4 7 9]	[4 5 6 7 8 9 10 11 12 13 14 16 18]
335	101001111		[1 2 3 4 7 9]	[2 3 4 5 6 7 8 9 10 11 12 13 14 16 18]
336	101010000		[5 7 9]	[10 12 14 16 18]
337	101010001		[1 5 7 9]	[2 6 8 10 12 14 16 18]
338	101010010		[2 5 7 9]	[4 7 9 10 11 12 14 16 18]
339	101010011		[1 2 5 7 9]	[2 3 4 6 7 8 9 10 11 12 14 16 18]
340	101010100		[3 5 7 9]	[6 8 10 12 14 16 18]
341	101010101		[1 3 5 7 9]	[2 4 6 8 10 12 14 16 18]
342	101010110		[2 3 5 7 9]	[4 5 6 7 8 9 10 11 12 14 16 18]
343	101010111		[1 2 3 5 7 9]	[2 3 4 5 6 7 8 9 10 11 12 14 16 18]
344	101011000		[4 5 7 9]	[8 9 10 11 12 13 14 16 18]
345	101011001		[1 4 5 7 9]	[2 5 6 8 9 10 11 12 13 14 16 18]
346	101011010		[2 4 5 7 9]	[4 6 7 8 9 10 11 12 13 14 16 18]
347	101011011		[1 2 4 5 7 9]	[2 3 4 5 6 7 8 9 10 11 12 13 14 16 18]
348	101011100		[3 4 5 7 9]	[6 7 8 9 10 11 12 13 14 16 18]
349	101011101		[1 3 4 5 7 9]	[2 4 5 6 7 8 9 10 11 12 13 14 16 18]
350	101011110		[2 3 4 5 7 9]	[4 5 6 7 8 9 10 11 12 13 14 16 18]
351	101011111		[1 2 3 4 5 7 9]	[2 3 4 5 6 7 8 9 10 11 12 13 14 16 18]
352	101100000		[6 7 9]	[12 13 14 15 16 18]
353	101100001		[1 6 7 9]	[2 7 8 10 12 13 14 15 16 18]
354	101100010		[2 6 7 9]	[4 8 9 11 12 13 14 15 16 18]
355	101100011		[1 2 6 7 9]	[2 3 4 7 8 9 10 11 12 13 14 15 16 18]
356	101100100		[3 6 7 9]	[6 9 10 12 13 14 15 16 18]
357	101100101		[1 3 6 7 9]	[2 4 6 7 8 9 10 12 13 14 15 16 18]
358	101100110		[2 3 6 7 9]	[4 5 6 8 9 10 11 12 13 14 15 16 18]
359	101100111		[1 2 3 6 7 9]	[2 3 4 5 6 7 8 9 10 11 12 13 14 15 16 18]
360	101101000		[4 6 7 9]	[8 10 11 12 13 14 15 16 18]
361	101101001		[1 4 6 7 9]	[2 5 7 8 10 11 12 13 14 15 16 18]
362	101101010		[2 4 6 7 9]	[4 6 8 9 10 11 12 13 14 15 16 18]
363	101101011		[1 2 4 6 7 9]	[2 3 4 5 6 7 8 9 10 11 12 13 14 15 16 18]
364	101101100		[3 4 6 7 9]	[6 7 8 9 10 11 12 13 14 15 16 18]
365	101101101		[1 3 4 6 7 9]	[2 4 5 6 7 8 9 10 11 12 13 14 15 16 18]
366	101101110		[2 3 4 6 7 9]	[4 5 6 7 8 9 10 11 12 13 14 15 16 18]
367	101101111		[1 2 3 4 6 7 9]	[2 3 4 5 6 7 8 9 10 11 12 13 14 15 16 18]
368	101110000		[5 6 7 9]	[10 11 12 13 14 15 16 18]
369	101110001		[1 5 6 7 9]	[2 6 7 8 10 11 12 13 14 15 16 18]
370	101110010		[2 5 6 7 9]	[4 7 8 9 10 11 12 13 14 15 16 18]
371	101110011		[1 2 5 6 7 9]	[2 3 4 6 7 8 9 10 11 12 13 14 15 16 18]
372	101110100		[3 5 6 7 9]	[6 8 9 10 11 12 13 14 15 16 18]
373	101110101		[1 3 5 6 7 9]	[2 4 6 7 8 9 10 11 12 13 14 15 16 18]
374	101110110		[2 3 5 6 7 9]	[4 5 6 7 8 9 10 11 12 13 14 15 16 18]
375	101110111		[1 2 3 5 6 7 9]	[2 3 4 5 6 7 8 9 10 11 12 13 14 15 16 18]
376	101111000		[4 5 6 7 9]	[8 9 10 11 12 13 14 15 16 18]
377	101111001		[1 4 5 6 7 9]	[2 5 6 7 8 9 10 11 12 13 14 15 16 18]
378	101111010		[2 4 5 6 7 9]	[4 6 7 8 9 10 11 12 13 14 15 16 18]
379	101111011		[1 2 4 5 6 7 9]	[2 3 4 5 6 7 8 9 10 11 12 13 14 15 16 18]
380	101111100		[3 4 5 6 7 9]	[6 7 8 9 10 11 12 13 14 15 16 18]
381	101111101		[1 3 4 5 6 7 9]	[2 4 5 6 7 8 9 10 11 12 13 14 15 16 18]
382	101111110		[2 3 4 5 6 7 9]	[4 5 6 7 8 9 10 11 12 13 14 15 16 18]
383	101111111		[1 2 3 4 5 6 7 9]	[2 3 4 5 6 7 8 9 10 11 12 13 14 15 16 18]
384	110000000		[8 9]	[16 17 18]
385	110000001		[1 8 9]	[2 9 10 16 17 18]
386	110000010		[2 8 9]	[4 10 11 16 17 18]
387	110000011		[1 2 8 9]	[2 3 4 9 10 11 16 17 18]
388	110000100		[3 8 9]	[6 11 12 16 17 18]
389	110000101		[1 3 8 9]	[2 4 6 9 10 11 12 16 17 18]
390	110000110		[2 3 8 9]	[4 5 6 10 11 12 16 17 18]
391	110000111		[1 2 3 8 9]	[2 3 4 5 6 9 10 11 12 16 17 18]
392	110001000		[4 8 9]	[8 12 13 16 17 18]
393	110001001		[1 4 8 9]	[2 5 8 9 10 12 13 16 17 18]
394	110001010		[2 4 8 9]	[4 6 8 10 11 12 13 16 17 18]
395	110001011		[1 2 4 8 9]	[2 3 4 5 6 8 9 10 11 12 13 16 17 18]
396	110001100		[3 4 8 9]	[6 7 8 11 12 13 16 17 18]
397	110001101		[1 3 4 8 9]	[2 4 5 6 7 8 9 10 11 12 13 16 17 18]
398	110001110		[2 3 4 8 9]	[4 5 6 7 8 10 11 12 13 16 17 18]
399	110001111		[1 2 3 4 8 9]	[2 3 4 5 6 7 8 9 10 11 12 13 16 17 18]
400	110010000		[5 8 9]	[10 13 14 16 17 18]
401	110010001		[1 5 8 9]	[2 6 9 10 13 14 16 17 18]
402	110010010		[2 5 8 9]	[4 7 10 11 13 14 16 17 18]
403	110010011		[1 2 5 8 9]	[2 3 4 6 7 9 10 11 13 14 16 17 18]
404	110010100		[3 5 8 9]	[6 8 10 11 12 13 14 16 17 18]
405	110010101		[1 3 5 8 9]	[2 4 6 8 9 10 11 12 13 14 16 17 18]
406	110010110		[2 3 5 8 9]	[4 5 6 7 8 10 11 12 13 14 16 17 18]
407	110010111		[1 2 3 5 8 9]	[2 3 4 5 6 7 8 9 10 11 12 13 14 16 17 18]
408	110011000		[4 5 8 9]	[8 9 10 12 13 14 16 17 18]
409	110011001		[1 4 5 8 9]	[2 5 6 8 9 10 12 13 14 16 17 18]
410	110011010		[2 4 5 8 9]	[4 6 7 8 9 10 11 12 13 14 16 17 18]
411	110011011		[1 2 4 5 8 9]	[2 3 4 5 6 7 8 9 10 11 12 13 14 16 17 18]
412	110011100		[3 4 5 8 9]	[6 7 8 9 10 11 12 13 14 16 17 18]
413	110011101		[1 3 4 5 8 9]	[2 4 5 6 7 8 9 10 11 12 13 14 16 17 18]
414	110011110		[2 3 4 5 8 9]	[4 5 6 7 8 9 10 11 12 13 14 16 17 18]
415	110011111		[1 2 3 4 5 8 9]	[2 3 4 5 6 7 8 9 10 11 12 13 14 16 17 18]
416	110100000		[6 8 9]	[12 14 15 16 17 18]
417	110100001		[1 6 8 9]	[2 7 9 10 12 14 15 16 17 18]
418	110100010		[2 6 8 9]	[4 8 10 11 12 14 15 16 17 18]
419	110100011		[1 2 6 8 9]	[2 3 4 7 8 9 10 11 12 14 15 16 17 18]
420	110100100		[3 6 8 9]	[6 9 11 12 14 15 16 17 18]
421	110100101		[1 3 6 8 9]	[2 4 6 7 9 10 11 12 14 15 16 17 18]
422	110100110		[2 3 6 8 9]	[4 5 6 8 9 10 11 12 14 15 16 17 18]
423	110100111		[1 2 3 6 8 9]	[2 3 4 5 6 7 8 9 10 11 12 14 15 16 17 18]
424	110101000		[4 6 8 9]	[8 10 12 13 14 15 16 17 18]
425	110101001		[1 4 6 8 9]	[2 5 7 8 9 10 12 13 14 15 16 17 18]
426	110101010		[2 4 6 8 9]	[4 6 8 10 11 12 13 14 15 16 17 18]
427	110101011		[1 2 4 6 8 9]	[2 3 4 5 6 7 8 9 10 11 12 13 14 15 16 17 18]
428	110101100		[3 4 6 8 9]	[6 7 8 9 10 11 12 13 14 15 16 17 18]
429	110101101		[1 3 4 6 8 9]	[2 4 5 6 7 8 9 10 11 12 13 14 15 16 17 18]
430	110101110		[2 3 4 6 8 9]	[4 5 6 7 8 9 10 11 12 13 14 15 16 17 18]
431	110101111		[1 2 3 4 6 8 9]	[2 3 4 5 6 7 8 9 10 11 12 13 14 15 16 17 18]
432	110110000		[5 6 8 9]	[10 11 12 13 14 15 16 17 18]
433	110110001		[1 5 6 8 9]	[2 6 7 9 10 11 12 13 14 15 16 17 18]
434	110110010		[2 5 6 8 9]	[4 7 8 10 11 12 13 14 15 16 17 18]
435	110110011		[1 2 5 6 8 9]	[2 3 4 6 7 8 9 10 11 12 13 14 15 16 17 18]
436	110110100		[3 5 6 8 9]	[6 8 9 10 11 12 13 14 15 16 17 18]
437	110110101		[1 3 5 6 8 9]	[2 4 6 7 8 9 10 11 12 13 14 15 16 17 18]
438	110110110		[2 3 5 6 8 9]	[4 5 6 7 8 9 10 11 12 13 14 15 16 17 18]
439	110110111		[1 2 3 5 6 8 9]	[2 3 4 5 6 7 8 9 10 11 12 13 14 15 16 17 18]
440	110111000		[4 5 6 8 9]	[8 9 10 11 12 13 14 15 16 17 18]
441	110111001		[1 4 5 6 8 9]	[2 5 6 7 8 9 10 11 12 13 14 15 16 17 18]
442	110111010		[2 4 5 6 8 9]	[4 6 7 8 9 10 11 12 13 14 15 16 17 18]
443	110111011		[1 2 4 5 6 8 9]	[2 3 4 5 6 7 8 9 10 11 12 13 14 15 16 17 18]
444	110111100		[3 4 5 6 8 9]	[6 7 8 9 10 11 12 13 14 15 16 17 18]
445	110111101		[1 3 4 5 6 8 9]	[2 4 5 6 7 8 9 10 11 12 13 14 15 16 17 18]
446	110111110		[2 3 4 5 6 8 9]	[4 5 6 7 8 9 10 11 12 13 14 15 16 17 18]
447	110111111		[1 2 3 4 5 6 8 9]	[2 3 4 5 6 7 8 9 10 11 12 13 14 15 16 17 18]
448	111000000		[7 8 9]	[14 15 16 17 18]
449	111000001		[1 7 8 9]	[2 8 9 10 14 15 16 17 18]
450	111000010		[2 7 8 9]	[4 9 10 11 14 15 16 17 18]
451	111000011		[1 2 7 8 9]	[2 3 4 8 9 10 11 14 15 16 17 18]
452	111000100		[3 7 8 9]	[6 10 11 12 14 15 16 17 18]
453	111000101		[1 3 7 8 9]	[2 4 6 8 9 10 11 12 14 15 16 17 18]
454	111000110		[2 3 7 8 9]	[4 5 6 9 10 11 12 14 15 16 17 18]
455	111000111		[1 2 3 7 8 9]	[2 3 4 5 6 8 9 10 11 12 14 15 16 17 18]
456	111001000		[4 7 8 9]	[8 11 12 13 14 15 16 17 18]
457	111001001		[1 4 7 8 9]	[2 5 8 9 10 11 12 13 14 15 16 17 18]
458	111001010		[2 4 7 8 9]	[4 6 8 9 10 11 12 13 14 15 16 17 18]
459	111001011		[1 2 4 7 8 9]	[2 3 4 5 6 8 9 10 11 12 13 14 15 16 17 18]
460	111001100		[3 4 7 8 9]	[6 7 8 10 11 12 13 14 15 16 17 18]
461	111001101		[1 3 4 7 8 9]	[2 4 5 6 7 8 9 10 11 12 13 14 15 16 17 18]
462	111001110		[2 3 4 7 8 9]	[4 5 6 7 8 9 10 11 12 13 14 15 16 17 18]
463	111001111		[1 2 3 4 7 8 9]	[2 3 4 5 6 7 8 9 10 11 12 13 14 15 16 17 18]
464	111010000		[5 7 8 9]	[10 12 13 14 15 16 17 18]
465	111010001		[1 5 7 8 9]	[2 6 8 9 10 12 13 14 15 16 17 18]
466	111010010		[2 5 7 8 9]	[4 7 9 10 11 12 13 14 15 16 17 18]
467	111010011		[1 2 5 7 8 9]	[2 3 4 6 7 8 9 10 11 12 13 14 15 16 17 18]
468	111010100		[3 5 7 8 9]	[6 8 10 11 12 13 14 15 16 17 18]
469	111010101		[1 3 5 7 8 9]	[2 4 6 8 9 10 11 12 13 14 15 16 17 18]
470	111010110		[2 3 5 7 8 9]	[4 5 6 7 8 9 10 11 12 13 14 15 16 17 18]
471	111010111		[1 2 3 5 7 8 9]	[2 3 4 5 6 7 8 9 10 11 12 13 14 15 16 17 18]
472	111011000		[4 5 7 8 9]	[8 9 10 11 12 13 14 15 16 17 18]
473	111011001		[1 4 5 7 8 9]	[2 5 6 8 9 10 11 12 13 14 15 16 17 18]
474	111011010		[2 4 5 7 8 9]	[4 6 7 8 9 10 11 12 13 14 15 16 17 18]
475	111011011		[1 2 4 5 7 8 9]	[2 3 4 5 6 7 8 9 10 11 12 13 14 15 16 17 18]
476	111011100		[3 4 5 7 8 9]	[6 7 8 9 10 11 12 13 14 15 16 17 18]
477	111011101		[1 3 4 5 7 8 9]	[2 4 5 6 7 8 9 10 11 12 13 14 15 16 17 18]
478	111011110		[2 3 4 5 7 8 9]	[4 5 6 7 8 9 10 11 12 13 14 15 16 17 18]
479	111011111		[1 2 3 4 5 7 8 9]	[2 3 4 5 6 7 8 9 10 11 12 13 14 15 16 17 18]
480	111100000		[6 7 8 9]	[12 13 14 15 16 17 18]
481	111100001		[1 6 7 8 9]	[2 7 8 9 10 12 13 14 15 16 17 18]
482	111100010		[2 6 7 8 9]	[4 8 9 10 11 12 13 14 15 16 17 18]
483	111100011		[1 2 6 7 8 9]	[2 3 4 7 8 9 10 11 12 13 14 15 16 17 18]
484	111100100		[3 6 7 8 9]	[6 9 10 11 12 13 14 15 16 17 18]
485	111100101		[1 3 6 7 8 9]	[2 4 6 7 8 9 10 11 12 13 14 15 16 17 18]
486	111100110		[2 3 6 7 8 9]	[4 5 6 8 9 10 11 12 13 14 15 16 17 18]
487	111100111		[1 2 3 6 7 8 9]	[2 3 4 5 6 7 8 9 10 11 12 13 14 15 16 17 18]
488	111101000		[4 6 7 8 9]	[8 10 11 12 13 14 15 16 17 18]
489	111101001		[1 4 6 7 8 9]	[2 5 7 8 9 10 11 12 13 14 15 16 17 18]
490	111101010		[2 4 6 7 8 9]	[4 6 8 9 10 11 12 13 14 15 16 17 18]
491	111101011		[1 2 4 6 7 8 9]	[2 3 4 5 6 7 8 9 10 11 12 13 14 15 16 17 18]
492	111101100		[3 4 6 7 8 9]	[6 7 8 9 10 11 12 13 14 15 16 17 18]
493	111101101		[1 3 4 6 7 8 9]	[2 4 5 6 7 8 9 10 11 12 13 14 15 16 17 18]
494	111101110		[2 3 4 6 7 8 9]	[4 5 6 7 8 9 10 11 12 13 14 15 16 17 18]
495	111101111		[1 2 3 4 6 7 8 9]	[2 3 4 5 6 7 8 9 10 11 12 13 14 15 16 17 18]
496	111110000		[5 6 7 8 9]	[10 11 12 13 14 15 16 17 18]
497	111110001		[1 5 6 7 8 9]	[2 6 7 8 9 10 11 12 13 14 15 16 17 18]
498	111110010		[2 5 6 7 8 9]	[4 7 8 9 10 11 12 13 14 15 16 17 18]
499	111110011		[1 2 5 6 7 8 9]	[2 3 4 6 7 8 9 10 11 12 13 14 15 16 17 18]
500	111110100		[3 5 6 7 8 9]	[6 8 9 10 11 12 13 14 15 16 17 18]
501	111110101		[1 3 5 6 7 8 9]	[2 4 6 7 8 9 10 11 12 13 14 15 16 17 18]
502	111110110		[2 3 5 6 7 8 9]	[4 5 6 7 8 9 10 11 12 13 14 15 16 17 18]
503	111110111		[1 2 3 5 6 7 8 9]	[2 3 4 5 6 7 8 9 10 11 12 13 14 15 16 17 18]
504	111111000		[4 5 6 7 8 9]	[8 9 10 11 12 13 14 15 16 17 18]
505	111111001		[1 4 5 6 7 8 9]	[2 5 6 7 8 9 10 11 12 13 14 15 16 17 18]
506	111111010		[2 4 5 6 7 8 9]	[4 6 7 8 9 10 11 12 13 14 15 16 17 18]
507	111111011		[1 2 4 5 6 7 8 9]	[2 3 4 5 6 7 8 9 10 11 12 13 14 15 16 17 18]
508	111111100		[3 4 5 6 7 8 9]	[6 7 8 9 10 11 12 13 14 15 16 17 18]
509	111111101		[1 3 4 5 6 7 8 9]	[2 4 5 6 7 8 9 10 11 12 13 14 15 16 17 18]
510	111111110		[2 3 4 5 6 7 8 9]	[4 5 6 7 8 9 10 11 12 13 14 15 16 17 18]
511	111111111		[1 2 3 4 5 6 7 8 9]	[2 3 4 5 6 7 8 9 10 11 12 13 14 15 16 17 18]
512	1000000000		[10]	[20]
513	1000000001		[1 10]	[2 11 20]
514	1000000010		[2 10]	[20 4 12]
515	1000000011		[1 2 10]	[2 3 4 11 12 20]
516	1000000100		[3 10]	[20 13 6]
517	1000000101		[1 3 10]	[2 4 6 11 13 20]
518	1000000110		[2 3 10]	[4 5 6 12 13 20]
519	1000000111		[1 2 3 10]	[2 3 4 5 6 11 12 13 20]
520	1000001000		[4 10]	[8 20 14]
521	1000001001		[1 4 10]	[2 5 8 11 14 20]
522	1000001010		[2 4 10]	[4 6 8 12 14 20]
523	1000001011		[1 2 4 10]	[2 3 4 5 6 8 11 12 14 20]
524	1000001100		[3 4 10]	[6 7 8 13 14 20]
525	1000001101		[1 3 4 10]	[2 4 5 6 7 8 11 13 14 20]
526	1000001110		[2 3 4 10]	[4 5 6 7 8 12 13 14 20]
527	1000001111		[1 2 3 4 10]	[2 3 4 5 6 7 8 11 12 13 14 20]
528	1000010000		[5 10]	[10 20 15]
529	1000010001		[1 5 10]	[2 6 10 11 15 20]
530	1000010010		[2 5 10]	[4 7 10 12 15 20]
531	1000010011		[1 2 5 10]	[2 3 4 6 7 10 11 12 15 20]
532	1000010100		[3 5 10]	[6 8 10 13 15 20]
533	1000010101		[1 3 5 10]	[2 4 6 8 10 11 13 15 20]
534	1000010110		[2 3 5 10]	[4 5 6 7 8 10 12 13 15 20]
535	1000010111		[1 2 3 5 10]	[2 3 4 5 6 7 8 10 11 12 13 15 20]
536	1000011000		[4 5 10]	[8 9 10 14 15 20]
537	1000011001		[1 4 5 10]	[2 5 6 8 9 10 11 14 15 20]
538	1000011010		[2 4 5 10]	[4 6 7 8 9 10 12 14 15 20]
539	1000011011		[1 2 4 5 10]	[2 3 4 5 6 7 8 9 10 11 12 14 15 20]
540	1000011100		[3 4 5 10]	[6 7 8 9 10 13 14 15 20]
541	1000011101		[1 3 4 5 10]	[2 4 5 6 7 8 9 10 11 13 14 15 20]
542	1000011110		[2 3 4 5 10]	[4 5 6 7 8 9 10 12 13 14 15 20]
543	1000011111		[1 2 3 4 5 10]	[2 3 4 5 6 7 8 9 10 11 12 13 14 15 20]
544	1000100000		[6 10]	[16 12 20]
545	1000100001		[1 6 10]	[2 7 11 12 16 20]
546	1000100010		[2 6 10]	[4 8 12 16 20]
547	1000100011		[1 2 6 10]	[2 3 4 7 8 11 12 16 20]
548	1000100100		[3 6 10]	[6 9 12 13 16 20]
549	1000100101		[1 3 6 10]	[2 4 6 7 9 11 12 13 16 20]
550	1000100110		[2 3 6 10]	[4 5 6 8 9 12 13 16 20]
551	1000100111		[1 2 3 6 10]	[2 3 4 5 6 7 8 9 11 12 13 16 20]
552	1000101000		[4 6 10]	[8 10 12 14 16 20]
553	1000101001		[1 4 6 10]	[2 5 7 8 10 11 12 14 16 20]
554	1000101010		[2 4 6 10]	[4 6 8 10 12 14 16 20]
555	1000101011		[1 2 4 6 10]	[2 3 4 5 6 7 8 10 11 12 14 16 20]
556	1000101100		[3 4 6 10]	[6 7 8 9 10 12 13 14 16 20]
557	1000101101		[1 3 4 6 10]	[2 4 5 6 7 8 9 10 11 12 13 14 16 20]
558	1000101110		[2 3 4 6 10]	[4 5 6 7 8 9 10 12 13 14 16 20]
559	1000101111		[1 2 3 4 6 10]	[2 3 4 5 6 7 8 9 10 11 12 13 14 16 20]
560	1000110000		[5 6 10]	[10 11 12 15 16 20]
561	1000110001		[1 5 6 10]	[2 6 7 10 11 12 15 16 20]
562	1000110010		[2 5 6 10]	[4 7 8 10 11 12 15 16 20]
563	1000110011		[1 2 5 6 10]	[2 3 4 6 7 8 10 11 12 15 16 20]
564	1000110100		[3 5 6 10]	[6 8 9 10 11 12 13 15 16 20]
565	1000110101		[1 3 5 6 10]	[2 4 6 7 8 9 10 11 12 13 15 16 20]
566	1000110110		[2 3 5 6 10]	[4 5 6 7 8 9 10 11 12 13 15 16 20]
567	1000110111		[1 2 3 5 6 10]	[2 3 4 5 6 7 8 9 10 11 12 13 15 16 20]
568	1000111000		[4 5 6 10]	[8 9 10 11 12 14 15 16 20]
569	1000111001		[1 4 5 6 10]	[2 5 6 7 8 9 10 11 12 14 15 16 20]
570	1000111010		[2 4 5 6 10]	[4 6 7 8 9 10 11 12 14 15 16 20]
571	1000111011		[1 2 4 5 6 10]	[2 3 4 5 6 7 8 9 10 11 12 14 15 16 20]
572	1000111100		[3 4 5 6 10]	[6 7 8 9 10 11 12 13 14 15 16 20]
573	1000111101		[1 3 4 5 6 10]	[2 4 5 6 7 8 9 10 11 12 13 14 15 16 20]
574	1000111110		[2 3 4 5 6 10]	[4 5 6 7 8 9 10 11 12 13 14 15 16 20]
575	1000111111		[1 2 3 4 5 6 10]	[2 3 4 5 6 7 8 9 10 11 12 13 14 15 16 20]
576	1001000000		[7 10]	[17 20 14]
577	1001000001		[1 7 10]	[2 8 11 14 17 20]
578	1001000010		[2 7 10]	[4 9 12 14 17 20]
579	1001000011		[1 2 7 10]	[2 3 4 8 9 11 12 14 17 20]
580	1001000100		[3 7 10]	[6 10 13 14 17 20]
581	1001000101		[1 3 7 10]	[2 4 6 8 10 11 13 14 17 20]
582	1001000110		[2 3 7 10]	[4 5 6 9 10 12 13 14 17 20]
583	1001000111		[1 2 3 7 10]	[2 3 4 5 6 8 9 10 11 12 13 14 17 20]
584	1001001000		[4 7 10]	[8 11 14 17 20]
585	1001001001		[1 4 7 10]	[2 5 8 11 14 17 20]
586	1001001010		[2 4 7 10]	[4 6 8 9 11 12 14 17 20]
587	1001001011		[1 2 4 7 10]	[2 3 4 5 6 8 9 11 12 14 17 20]
588	1001001100		[3 4 7 10]	[6 7 8 10 11 13 14 17 20]
589	1001001101		[1 3 4 7 10]	[2 4 5 6 7 8 10 11 13 14 17 20]
590	1001001110		[2 3 4 7 10]	[4 5 6 7 8 9 10 11 12 13 14 17 20]
591	1001001111		[1 2 3 4 7 10]	[2 3 4 5 6 7 8 9 10 11 12 13 14 17 20]
592	1001010000		[5 7 10]	[10 12 14 15 17 20]
593	1001010001		[1 5 7 10]	[2 6 8 10 11 12 14 15 17 20]
594	1001010010		[2 5 7 10]	[4 7 9 10 12 14 15 17 20]
595	1001010011		[1 2 5 7 10]	[2 3 4 6 7 8 9 10 11 12 14 15 17 20]
596	1001010100		[3 5 7 10]	[6 8 10 12 13 14 15 17 20]
597	1001010101		[1 3 5 7 10]	[2 4 6 8 10 11 12 13 14 15 17 20]
598	1001010110		[2 3 5 7 10]	[4 5 6 7 8 9 10 12 13 14 15 17 20]
599	1001010111		[1 2 3 5 7 10]	[2 3 4 5 6 7 8 9 10 11 12 13 14 15 17 20]
600	1001011000		[4 5 7 10]	[8 9 10 11 12 14 15 17 20]
601	1001011001		[1 4 5 7 10]	[2 5 6 8 9 10 11 12 14 15 17 20]
602	1001011010		[2 4 5 7 10]	[4 6 7 8 9 10 11 12 14 15 17 20]
603	1001011011		[1 2 4 5 7 10]	[2 3 4 5 6 7 8 9 10 11 12 14 15 17 20]
604	1001011100		[3 4 5 7 10]	[6 7 8 9 10 11 12 13 14 15 17 20]
605	1001011101		[1 3 4 5 7 10]	[2 4 5 6 7 8 9 10 11 12 13 14 15 17 20]
606	1001011110		[2 3 4 5 7 10]	[4 5 6 7 8 9 10 11 12 13 14 15 17 20]
607	1001011111		[1 2 3 4 5 7 10]	[2 3 4 5 6 7 8 9 10 11 12 13 14 15 17 20]
608	1001100000		[6 7 10]	[12 13 14 16 17 20]
609	1001100001		[1 6 7 10]	[2 7 8 11 12 13 14 16 17 20]
610	1001100010		[2 6 7 10]	[4 8 9 12 13 14 16 17 20]
611	1001100011		[1 2 6 7 10]	[2 3 4 7 8 9 11 12 13 14 16 17 20]
612	1001100100		[3 6 7 10]	[6 9 10 12 13 14 16 17 20]
613	1001100101		[1 3 6 7 10]	[2 4 6 7 8 9 10 11 12 13 14 16 17 20]
614	1001100110		[2 3 6 7 10]	[4 5 6 8 9 10 12 13 14 16 17 20]
615	1001100111		[1 2 3 6 7 10]	[2 3 4 5 6 7 8 9 10 11 12 13 14 16 17 20]
616	1001101000		[4 6 7 10]	[8 10 11 12 13 14 16 17 20]
617	1001101001		[1 4 6 7 10]	[2 5 7 8 10 11 12 13 14 16 17 20]
618	1001101010		[2 4 6 7 10]	[4 6 8 9 10 11 12 13 14 16 17 20]
619	1001101011		[1 2 4 6 7 10]	[2 3 4 5 6 7 8 9 10 11 12 13 14 16 17 20]
620	1001101100		[3 4 6 7 10]	[6 7 8 9 10 11 12 13 14 16 17 20]
621	1001101101		[1 3 4 6 7 10]	[2 4 5 6 7 8 9 10 11 12 13 14 16 17 20]
622	1001101110		[2 3 4 6 7 10]	[4 5 6 7 8 9 10 11 12 13 14 16 17 20]
623	1001101111		[1 2 3 4 6 7 10]	[2 3 4 5 6 7 8 9 10 11 12 13 14 16 17 20]
624	1001110000		[5 6 7 10]	[10 11 12 13 14 15 16 17 20]
625	1001110001		[1 5 6 7 10]	[2 6 7 8 10 11 12 13 14 15 16 17 20]
626	1001110010		[2 5 6 7 10]	[4 7 8 9 10 11 12 13 14 15 16 17 20]
627	1001110011		[1 2 5 6 7 10]	[2 3 4 6 7 8 9 10 11 12 13 14 15 16 17 20]
628	1001110100		[3 5 6 7 10]	[6 8 9 10 11 12 13 14 15 16 17 20]
629	1001110101		[1 3 5 6 7 10]	[2 4 6 7 8 9 10 11 12 13 14 15 16 17 20]
630	1001110110		[2 3 5 6 7 10]	[4 5 6 7 8 9 10 11 12 13 14 15 16 17 20]
631	1001110111		[1 2 3 5 6 7 10]	[2 3 4 5 6 7 8 9 10 11 12 13 14 15 16 17 20]
632	1001111000		[4 5 6 7 10]	[8 9 10 11 12 13 14 15 16 17 20]
633	1001111001		[1 4 5 6 7 10]	[2 5 6 7 8 9 10 11 12 13 14 15 16 17 20]
634	1001111010		[2 4 5 6 7 10]	[4 6 7 8 9 10 11 12 13 14 15 16 17 20]
635	1001111011		[1 2 4 5 6 7 10]	[2 3 4 5 6 7 8 9 10 11 12 13 14 15 16 17 20]
636	1001111100		[3 4 5 6 7 10]	[6 7 8 9 10 11 12 13 14 15 16 17 20]
637	1001111101		[1 3 4 5 6 7 10]	[2 4 5 6 7 8 9 10 11 12 13 14 15 16 17 20]
638	1001111110		[2 3 4 5 6 7 10]	[4 5 6 7 8 9 10 11 12 13 14 15 16 17 20]
639	1001111111		[1 2 3 4 5 6 7 10]	[2 3 4 5 6 7 8 9 10 11 12 13 14 15 16 17 20]
640	1010000000		[8 10]	[16 18 20]
641	1010000001		[1 8 10]	[2 9 11 16 18 20]
642	1010000010		[2 8 10]	[4 10 12 16 18 20]
643	1010000011		[1 2 8 10]	[2 3 4 9 10 11 12 16 18 20]
644	1010000100		[3 8 10]	[6 11 13 16 18 20]
645	1010000101		[1 3 8 10]	[2 4 6 9 11 13 16 18 20]
646	1010000110		[2 3 8 10]	[4 5 6 10 11 12 13 16 18 20]
647	1010000111		[1 2 3 8 10]	[2 3 4 5 6 9 10 11 12 13 16 18 20]
648	1010001000		[4 8 10]	[8 12 14 16 18 20]
649	1010001001		[1 4 8 10]	[2 5 8 9 11 12 14 16 18 20]
650	1010001010		[2 4 8 10]	[4 6 8 10 12 14 16 18 20]
651	1010001011		[1 2 4 8 10]	[2 3 4 5 6 8 9 10 11 12 14 16 18 20]
652	1010001100		[3 4 8 10]	[6 7 8 11 12 13 14 16 18 20]
653	1010001101		[1 3 4 8 10]	[2 4 5 6 7 8 9 11 12 13 14 16 18 20]
654	1010001110		[2 3 4 8 10]	[4 5 6 7 8 10 11 12 13 14 16 18 20]
655	1010001111		[1 2 3 4 8 10]	[2 3 4 5 6 7 8 9 10 11 12 13 14 16 18 20]
656	1010010000		[5 8 10]	[10 13 15 16 18 20]
657	1010010001		[1 5 8 10]	[2 6 9 10 11 13 15 16 18 20]
658	1010010010		[2 5 8 10]	[4 7 10 12 13 15 16 18 20]
659	1010010011		[1 2 5 8 10]	[2 3 4 6 7 9 10 11 12 13 15 16 18 20]
660	1010010100		[3 5 8 10]	[6 8 10 11 13 15 16 18 20]
661	1010010101		[1 3 5 8 10]	[2 4 6 8 9 10 11 13 15 16 18 20]
662	1010010110		[2 3 5 8 10]	[4 5 6 7 8 10 11 12 13 15 16 18 20]
663	1010010111		[1 2 3 5 8 10]	[2 3 4 5 6 7 8 9 10 11 12 13 15 16 18 20]
664	1010011000		[4 5 8 10]	[8 9 10 12 13 14 15 16 18 20]
665	1010011001		[1 4 5 8 10]	[2 5 6 8 9 10 11 12 13 14 15 16 18 20]
666	1010011010		[2 4 5 8 10]	[4 6 7 8 9 10 12 13 14 15 16 18 20]
667	1010011011		[1 2 4 5 8 10]	[2 3 4 5 6 7 8 9 10 11 12 13 14 15 16 18 20]
668	1010011100		[3 4 5 8 10]	[6 7 8 9 10 11 12 13 14 15 16 18 20]
669	1010011101		[1 3 4 5 8 10]	[2 4 5 6 7 8 9 10 11 12 13 14 15 16 18 20]
670	1010011110		[2 3 4 5 8 10]	[4 5 6 7 8 9 10 11 12 13 14 15 16 18 20]
671	1010011111		[1 2 3 4 5 8 10]	[2 3 4 5 6 7 8 9 10 11 12 13 14 15 16 18 20]
672	1010100000		[6 8 10]	[12 14 16 18 20]
673	1010100001		[1 6 8 10]	[2 7 9 11 12 14 16 18 20]
674	1010100010		[2 6 8 10]	[4 8 10 12 14 16 18 20]
675	1010100011		[1 2 6 8 10]	[2 3 4 7 8 9 10 11 12 14 16 18 20]
676	1010100100		[3 6 8 10]	[6 9 11 12 13 14 16 18 20]
677	1010100101		[1 3 6 8 10]	[2 4 6 7 9 11 12 13 14 16 18 20]
678	1010100110		[2 3 6 8 10]	[4 5 6 8 9 10 11 12 13 14 16 18 20]
679	1010100111		[1 2 3 6 8 10]	[2 3 4 5 6 7 8 9 10 11 12 13 14 16 18 20]
680	1010101000		[4 6 8 10]	[8 10 12 14 16 18 20]
681	1010101001		[1 4 6 8 10]	[2 5 7 8 9 10 11 12 14 16 18 20]
682	1010101010		[2 4 6 8 10]	[4 6 8 10 12 14 16 18 20]
683	1010101011		[1 2 4 6 8 10]	[2 3 4 5 6 7 8 9 10 11 12 14 16 18 20]
684	1010101100		[3 4 6 8 10]	[6 7 8 9 10 11 12 13 14 16 18 20]
685	1010101101		[1 3 4 6 8 10]	[2 4 5 6 7 8 9 10 11 12 13 14 16 18 20]
686	1010101110		[2 3 4 6 8 10]	[4 5 6 7 8 9 10 11 12 13 14 16 18 20]
687	1010101111		[1 2 3 4 6 8 10]	[2 3 4 5 6 7 8 9 10 11 12 13 14 16 18 20]
688	1010110000		[5 6 8 10]	[10 11 12 13 14 15 16 18 20]
689	1010110001		[1 5 6 8 10]	[2 6 7 9 10 11 12 13 14 15 16 18 20]
690	1010110010		[2 5 6 8 10]	[4 7 8 10 11 12 13 14 15 16 18 20]
691	1010110011		[1 2 5 6 8 10]	[2 3 4 6 7 8 9 10 11 12 13 14 15 16 18 20]
692	1010110100		[3 5 6 8 10]	[6 8 9 10 11 12 13 14 15 16 18 20]
693	1010110101		[1 3 5 6 8 10]	[2 4 6 7 8 9 10 11 12 13 14 15 16 18 20]
694	1010110110		[2 3 5 6 8 10]	[4 5 6 7 8 9 10 11 12 13 14 15 16 18 20]
695	1010110111		[1 2 3 5 6 8 10]	[2 3 4 5 6 7 8 9 10 11 12 13 14 15 16 18 20]
696	1010111000		[4 5 6 8 10]	[8 9 10 11 12 13 14 15 16 18 20]
697	1010111001		[1 4 5 6 8 10]	[2 5 6 7 8 9 10 11 12 13 14 15 16 18 20]
698	1010111010		[2 4 5 6 8 10]	[4 6 7 8 9 10 11 12 13 14 15 16 18 20]
699	1010111011		[1 2 4 5 6 8 10]	[2 3 4 5 6 7 8 9 10 11 12 13 14 15 16 18 20]
700	1010111100		[3 4 5 6 8 10]	[6 7 8 9 10 11 12 13 14 15 16 18 20]
701	1010111101		[1 3 4 5 6 8 10]	[2 4 5 6 7 8 9 10 11 12 13 14 15 16 18 20]
702	1010111110		[2 3 4 5 6 8 10]	[4 5 6 7 8 9 10 11 12 13 14 15 16 18 20]
703	1010111111		[1 2 3 4 5 6 8 10]	[2 3 4 5 6 7 8 9 10 11 12 13 14 15 16 18 20]
704	1011000000		[7 8 10]	[14 15 16 17 18 20]
705	1011000001		[1 7 8 10]	[2 8 9 11 14 15 16 17 18 20]
706	1011000010		[2 7 8 10]	[4 9 10 12 14 15 16 17 18 20]
707	1011000011		[1 2 7 8 10]	[2 3 4 8 9 10 11 12 14 15 16 17 18 20]
708	1011000100		[3 7 8 10]	[6 10 11 13 14 15 16 17 18 20]
709	1011000101		[1 3 7 8 10]	[2 4 6 8 9 10 11 13 14 15 16 17 18 20]
710	1011000110		[2 3 7 8 10]	[4 5 6 9 10 11 12 13 14 15 16 17 18 20]
711	1011000111		[1 2 3 7 8 10]	[2 3 4 5 6 8 9 10 11 12 13 14 15 16 17 18 20]
712	1011001000		[4 7 8 10]	[8 11 12 14 15 16 17 18 20]
713	1011001001		[1 4 7 8 10]	[2 5 8 9 11 12 14 15 16 17 18 20]
714	1011001010		[2 4 7 8 10]	[4 6 8 9 10 11 12 14 15 16 17 18 20]
715	1011001011		[1 2 4 7 8 10]	[2 3 4 5 6 8 9 10 11 12 14 15 16 17 18 20]
716	1011001100		[3 4 7 8 10]	[6 7 8 10 11 12 13 14 15 16 17 18 20]
717	1011001101		[1 3 4 7 8 10]	[2 4 5 6 7 8 9 10 11 12 13 14 15 16 17 18 20]
718	1011001110		[2 3 4 7 8 10]	[4 5 6 7 8 9 10 11 12 13 14 15 16 17 18 20]
719	1011001111		[1 2 3 4 7 8 10]	[2 3 4 5 6 7 8 9 10 11 12 13 14 15 16 17 18 20]
720	1011010000		[5 7 8 10]	[10 12 13 14 15 16 17 18 20]
721	1011010001		[1 5 7 8 10]	[2 6 8 9 10 11 12 13 14 15 16 17 18 20]
722	1011010010		[2 5 7 8 10]	[4 7 9 10 12 13 14 15 16 17 18 20]
723	1011010011		[1 2 5 7 8 10]	[2 3 4 6 7 8 9 10 11 12 13 14 15 16 17 18 20]
724	1011010100		[3 5 7 8 10]	[6 8 10 11 12 13 14 15 16 17 18 20]
725	1011010101		[1 3 5 7 8 10]	[2 4 6 8 9 10 11 12 13 14 15 16 17 18 20]
726	1011010110		[2 3 5 7 8 10]	[4 5 6 7 8 9 10 11 12 13 14 15 16 17 18 20]
727	1011010111		[1 2 3 5 7 8 10]	[2 3 4 5 6 7 8 9 10 11 12 13 14 15 16 17 18 20]
728	1011011000		[4 5 7 8 10]	[8 9 10 11 12 13 14 15 16 17 18 20]
729	1011011001		[1 4 5 7 8 10]	[2 5 6 8 9 10 11 12 13 14 15 16 17 18 20]
730	1011011010		[2 4 5 7 8 10]	[4 6 7 8 9 10 11 12 13 14 15 16 17 18 20]
731	1011011011		[1 2 4 5 7 8 10]	[2 3 4 5 6 7 8 9 10 11 12 13 14 15 16 17 18 20]
732	1011011100		[3 4 5 7 8 10]	[6 7 8 9 10 11 12 13 14 15 16 17 18 20]
733	1011011101		[1 3 4 5 7 8 10]	[2 4 5 6 7 8 9 10 11 12 13 14 15 16 17 18 20]
734	1011011110		[2 3 4 5 7 8 10]	[4 5 6 7 8 9 10 11 12 13 14 15 16 17 18 20]
735	1011011111		[1 2 3 4 5 7 8 10]	[2 3 4 5 6 7 8 9 10 11 12 13 14 15 16 17 18 20]
736	1011100000		[6 7 8 10]	[12 13 14 15 16 17 18 20]
737	1011100001		[1 6 7 8 10]	[2 7 8 9 11 12 13 14 15 16 17 18 20]
738	1011100010		[2 6 7 8 10]	[4 8 9 10 12 13 14 15 16 17 18 20]
739	1011100011		[1 2 6 7 8 10]	[2 3 4 7 8 9 10 11 12 13 14 15 16 17 18 20]
740	1011100100		[3 6 7 8 10]	[6 9 10 11 12 13 14 15 16 17 18 20]
741	1011100101		[1 3 6 7 8 10]	[2 4 6 7 8 9 10 11 12 13 14 15 16 17 18 20]
742	1011100110		[2 3 6 7 8 10]	[4 5 6 8 9 10 11 12 13 14 15 16 17 18 20]
743	1011100111		[1 2 3 6 7 8 10]	[2 3 4 5 6 7 8 9 10 11 12 13 14 15 16 17 18 20]
744	1011101000		[4 6 7 8 10]	[8 10 11 12 13 14 15 16 17 18 20]
745	1011101001		[1 4 6 7 8 10]	[2 5 7 8 9 10 11 12 13 14 15 16 17 18 20]
746	1011101010		[2 4 6 7 8 10]	[4 6 8 9 10 11 12 13 14 15 16 17 18 20]
747	1011101011		[1 2 4 6 7 8 10]	[2 3 4 5 6 7 8 9 10 11 12 13 14 15 16 17 18 20]
748	1011101100		[3 4 6 7 8 10]	[6 7 8 9 10 11 12 13 14 15 16 17 18 20]
749	1011101101		[1 3 4 6 7 8 10]	[2 4 5 6 7 8 9 10 11 12 13 14 15 16 17 18 20]
750	1011101110		[2 3 4 6 7 8 10]	[4 5 6 7 8 9 10 11 12 13 14 15 16 17 18 20]
751	1011101111		[1 2 3 4 6 7 8 10]	[2 3 4 5 6 7 8 9 10 11 12 13 14 15 16 17 18 20]
752	1011110000		[5 6 7 8 10]	[10 11 12 13 14 15 16 17 18 20]
753	1011110001		[1 5 6 7 8 10]	[2 6 7 8 9 10 11 12 13 14 15 16 17 18 20]
754	1011110010		[2 5 6 7 8 10]	[4 7 8 9 10 11 12 13 14 15 16 17 18 20]
755	1011110011		[1 2 5 6 7 8 10]	[2 3 4 6 7 8 9 10 11 12 13 14 15 16 17 18 20]
756	1011110100		[3 5 6 7 8 10]	[6 8 9 10 11 12 13 14 15 16 17 18 20]
757	1011110101		[1 3 5 6 7 8 10]	[2 4 6 7 8 9 10 11 12 13 14 15 16 17 18 20]
758	1011110110		[2 3 5 6 7 8 10]	[4 5 6 7 8 9 10 11 12 13 14 15 16 17 18 20]
759	1011110111		[1 2 3 5 6 7 8 10]	[2 3 4 5 6 7 8 9 10 11 12 13 14 15 16 17 18 20]
760	1011111000		[4 5 6 7 8 10]	[8 9 10 11 12 13 14 15 16 17 18 20]
761	1011111001		[1 4 5 6 7 8 10]	[2 5 6 7 8 9 10 11 12 13 14 15 16 17 18 20]
762	1011111010		[2 4 5 6 7 8 10]	[4 6 7 8 9 10 11 12 13 14 15 16 17 18 20]
763	1011111011		[1 2 4 5 6 7 8 10]	[2 3 4 5 6 7 8 9 10 11 12 13 14 15 16 17 18 20]
764	1011111100		[3 4 5 6 7 8 10]	[6 7 8 9 10 11 12 13 14 15 16 17 18 20]
765	1011111101		[1 3 4 5 6 7 8 10]	[2 4 5 6 7 8 9 10 11 12 13 14 15 16 17 18 20]
766	1011111110		[2 3 4 5 6 7 8 10]	[4 5 6 7 8 9 10 11 12 13 14 15 16 17 18 20]
767	1011111111		[1 2 3 4 5 6 7 8 10]	[2 3 4 5 6 7 8 9 10 11 12 13 14 15 16 17 18 20]
768	1100000000		[9 10]	[18 19 20]
769	1100000001		[1 9 10]	[2 10 11 18 19 20]
770	1100000010		[2 9 10]	[4 11 12 18 19 20]
771	1100000011		[1 2 9 10]	[2 3 4 10 11 12 18 19 20]
772	1100000100		[3 9 10]	[6 12 13 18 19 20]
773	1100000101		[1 3 9 10]	[2 4 6 10 11 12 13 18 19 20]
774	1100000110		[2 3 9 10]	[4 5 6 11 12 13 18 19 20]
775	1100000111		[1 2 3 9 10]	[2 3 4 5 6 10 11 12 13 18 19 20]
776	1100001000		[4 9 10]	[8 13 14 18 19 20]
777	1100001001		[1 4 9 10]	[2 5 8 10 11 13 14 18 19 20]
778	1100001010		[2 4 9 10]	[4 6 8 11 12 13 14 18 19 20]
779	1100001011		[1 2 4 9 10]	[2 3 4 5 6 8 10 11 12 13 14 18 19 20]
780	1100001100		[3 4 9 10]	[6 7 8 12 13 14 18 19 20]
781	1100001101		[1 3 4 9 10]	[2 4 5 6 7 8 10 11 12 13 14 18 19 20]
782	1100001110		[2 3 4 9 10]	[4 5 6 7 8 11 12 13 14 18 19 20]
783	1100001111		[1 2 3 4 9 10]	[2 3 4 5 6 7 8 10 11 12 13 14 18 19 20]
784	1100010000		[5 9 10]	[10 14 15 18 19 20]
785	1100010001		[1 5 9 10]	[2 6 10 11 14 15 18 19 20]
786	1100010010		[2 5 9 10]	[4 7 10 11 12 14 15 18 19 20]
787	1100010011		[1 2 5 9 10]	[2 3 4 6 7 10 11 12 14 15 18 19 20]
788	1100010100		[3 5 9 10]	[6 8 10 12 13 14 15 18 19 20]
789	1100010101		[1 3 5 9 10]	[2 4 6 8 10 11 12 13 14 15 18 19 20]
790	1100010110		[2 3 5 9 10]	[4 5 6 7 8 10 11 12 13 14 15 18 19 20]
791	1100010111		[1 2 3 5 9 10]	[2 3 4 5 6 7 8 10 11 12 13 14 15 18 19 20]
792	1100011000		[4 5 9 10]	[8 9 10 13 14 15 18 19 20]
793	1100011001		[1 4 5 9 10]	[2 5 6 8 9 10 11 13 14 15 18 19 20]
794	1100011010		[2 4 5 9 10]	[4 6 7 8 9 10 11 12 13 14 15 18 19 20]
795	1100011011		[1 2 4 5 9 10]	[2 3 4 5 6 7 8 9 10 11 12 13 14 15 18 19 20]
796	1100011100		[3 4 5 9 10]	[6 7 8 9 10 12 13 14 15 18 19 20]
797	1100011101		[1 3 4 5 9 10]	[2 4 5 6 7 8 9 10 11 12 13 14 15 18 19 20]
798	1100011110		[2 3 4 5 9 10]	[4 5 6 7 8 9 10 11 12 13 14 15 18 19 20]
799	1100011111		[1 2 3 4 5 9 10]	[2 3 4 5 6 7 8 9 10 11 12 13 14 15 18 19 20]
800	1100100000		[6 9 10]	[12 15 16 18 19 20]
801	1100100001		[1 6 9 10]	[2 7 10 11 12 15 16 18 19 20]
802	1100100010		[2 6 9 10]	[4 8 11 12 15 16 18 19 20]
803	1100100011		[1 2 6 9 10]	[2 3 4 7 8 10 11 12 15 16 18 19 20]
804	1100100100		[3 6 9 10]	[6 9 12 13 15 16 18 19 20]
805	1100100101		[1 3 6 9 10]	[2 4 6 7 9 10 11 12 13 15 16 18 19 20]
806	1100100110		[2 3 6 9 10]	[4 5 6 8 9 11 12 13 15 16 18 19 20]
807	1100100111		[1 2 3 6 9 10]	[2 3 4 5 6 7 8 9 10 11 12 13 15 16 18 19 20]
808	1100101000		[4 6 9 10]	[8 10 12 13 14 15 16 18 19 20]
809	1100101001		[1 4 6 9 10]	[2 5 7 8 10 11 12 13 14 15 16 18 19 20]
810	1100101010		[2 4 6 9 10]	[4 6 8 10 11 12 13 14 15 16 18 19 20]
811	1100101011		[1 2 4 6 9 10]	[2 3 4 5 6 7 8 10 11 12 13 14 15 16 18 19 20]
812	1100101100		[3 4 6 9 10]	[6 7 8 9 10 12 13 14 15 16 18 19 20]
813	1100101101		[1 3 4 6 9 10]	[2 4 5 6 7 8 9 10 11 12 13 14 15 16 18 19 20]
814	1100101110		[2 3 4 6 9 10]	[4 5 6 7 8 9 10 11 12 13 14 15 16 18 19 20]
815	1100101111		[1 2 3 4 6 9 10]	[2 3 4 5 6 7 8 9 10 11 12 13 14 15 16 18 19 20]
816	1100110000		[5 6 9 10]	[10 11 12 14 15 16 18 19 20]
817	1100110001		[1 5 6 9 10]	[2 6 7 10 11 12 14 15 16 18 19 20]
818	1100110010		[2 5 6 9 10]	[4 7 8 10 11 12 14 15 16 18 19 20]
819	1100110011		[1 2 5 6 9 10]	[2 3 4 6 7 8 10 11 12 14 15 16 18 19 20]
820	1100110100		[3 5 6 9 10]	[6 8 9 10 11 12 13 14 15 16 18 19 20]
821	1100110101		[1 3 5 6 9 10]	[2 4 6 7 8 9 10 11 12 13 14 15 16 18 19 20]
822	1100110110		[2 3 5 6 9 10]	[4 5 6 7 8 9 10 11 12 13 14 15 16 18 19 20]
823	1100110111		[1 2 3 5 6 9 10]	[2 3 4 5 6 7 8 9 10 11 12 13 14 15 16 18 19 20]
824	1100111000		[4 5 6 9 10]	[8 9 10 11 12 13 14 15 16 18 19 20]
825	1100111001		[1 4 5 6 9 10]	[2 5 6 7 8 9 10 11 12 13 14 15 16 18 19 20]
826	1100111010		[2 4 5 6 9 10]	[4 6 7 8 9 10 11 12 13 14 15 16 18 19 20]
827	1100111011		[1 2 4 5 6 9 10]	[2 3 4 5 6 7 8 9 10 11 12 13 14 15 16 18 19 20]
828	1100111100		[3 4 5 6 9 10]	[6 7 8 9 10 11 12 13 14 15 16 18 19 20]
829	1100111101		[1 3 4 5 6 9 10]	[2 4 5 6 7 8 9 10 11 12 13 14 15 16 18 19 20]
830	1100111110		[2 3 4 5 6 9 10]	[4 5 6 7 8 9 10 11 12 13 14 15 16 18 19 20]
831	1100111111		[1 2 3 4 5 6 9 10]	[2 3 4 5 6 7 8 9 10 11 12 13 14 15 16 18 19 20]
832	1101000000		[7 9 10]	[14 16 17 18 19 20]
833	1101000001		[1 7 9 10]	[2 8 10 11 14 16 17 18 19 20]
834	1101000010		[2 7 9 10]	[4 9 11 12 14 16 17 18 19 20]
835	1101000011		[1 2 7 9 10]	[2 3 4 8 9 10 11 12 14 16 17 18 19 20]
836	1101000100		[3 7 9 10]	[6 10 12 13 14 16 17 18 19 20]
837	1101000101		[1 3 7 9 10]	[2 4 6 8 10 11 12 13 14 16 17 18 19 20]
838	1101000110		[2 3 7 9 10]	[4 5 6 9 10 11 12 13 14 16 17 18 19 20]
839	1101000111		[1 2 3 7 9 10]	[2 3 4 5 6 8 9 10 11 12 13 14 16 17 18 19 20]
840	1101001000		[4 7 9 10]	[8 11 13 14 16 17 18 19 20]
841	1101001001		[1 4 7 9 10]	[2 5 8 10 11 13 14 16 17 18 19 20]
842	1101001010		[2 4 7 9 10]	[4 6 8 9 11 12 13 14 16 17 18 19 20]
843	1101001011		[1 2 4 7 9 10]	[2 3 4 5 6 8 9 10 11 12 13 14 16 17 18 19 20]
844	1101001100		[3 4 7 9 10]	[6 7 8 10 11 12 13 14 16 17 18 19 20]
845	1101001101		[1 3 4 7 9 10]	[2 4 5 6 7 8 10 11 12 13 14 16 17 18 19 20]
846	1101001110		[2 3 4 7 9 10]	[4 5 6 7 8 9 10 11 12 13 14 16 17 18 19 20]
847	1101001111		[1 2 3 4 7 9 10]	[2 3 4 5 6 7 8 9 10 11 12 13 14 16 17 18 19 20]
848	1101010000		[5 7 9 10]	[10 12 14 15 16 17 18 19 20]
849	1101010001		[1 5 7 9 10]	[2 6 8 10 11 12 14 15 16 17 18 19 20]
850	1101010010		[2 5 7 9 10]	[4 7 9 10 11 12 14 15 16 17 18 19 20]
851	1101010011		[1 2 5 7 9 10]	[2 3 4 6 7 8 9 10 11 12 14 15 16 17 18 19 20]
852	1101010100		[3 5 7 9 10]	[6 8 10 12 13 14 15 16 17 18 19 20]
853	1101010101		[1 3 5 7 9 10]	[2 4 6 8 10 11 12 13 14 15 16 17 18 19 20]
854	1101010110		[2 3 5 7 9 10]	[4 5 6 7 8 9 10 11 12 13 14 15 16 17 18 19 20]
855	1101010111		[1 2 3 5 7 9 10]	[2 3 4 5 6 7 8 9 10 11 12 13 14 15 16 17 18 19 20]
856	1101011000		[4 5 7 9 10]	[8 9 10 11 12 13 14 15 16 17 18 19 20]
857	1101011001		[1 4 5 7 9 10]	[2 5 6 8 9 10 11 12 13 14 15 16 17 18 19 20]
858	1101011010		[2 4 5 7 9 10]	[4 6 7 8 9 10 11 12 13 14 15 16 17 18 19 20]
859	1101011011		[1 2 4 5 7 9 10]	[2 3 4 5 6 7 8 9 10 11 12 13 14 15 16 17 18 19 20]
860	1101011100		[3 4 5 7 9 10]	[6 7 8 9 10 11 12 13 14 15 16 17 18 19 20]
861	1101011101		[1 3 4 5 7 9 10]	[2 4 5 6 7 8 9 10 11 12 13 14 15 16 17 18 19 20]
862	1101011110		[2 3 4 5 7 9 10]	[4 5 6 7 8 9 10 11 12 13 14 15 16 17 18 19 20]
863	1101011111		[1 2 3 4 5 7 9 10]	[2 3 4 5 6 7 8 9 10 11 12 13 14 15 16 17 18 19 20]
864	1101100000		[6 7 9 10]	[12 13 14 15 16 17 18 19 20]
865	1101100001		[1 6 7 9 10]	[2 7 8 10 11 12 13 14 15 16 17 18 19 20]
866	1101100010		[2 6 7 9 10]	[4 8 9 11 12 13 14 15 16 17 18 19 20]
867	1101100011		[1 2 6 7 9 10]	[2 3 4 7 8 9 10 11 12 13 14 15 16 17 18 19 20]
868	1101100100		[3 6 7 9 10]	[6 9 10 12 13 14 15 16 17 18 19 20]
869	1101100101		[1 3 6 7 9 10]	[2 4 6 7 8 9 10 11 12 13 14 15 16 17 18 19 20]
870	1101100110		[2 3 6 7 9 10]	[4 5 6 8 9 10 11 12 13 14 15 16 17 18 19 20]
871	1101100111		[1 2 3 6 7 9 10]	[2 3 4 5 6 7 8 9 10 11 12 13 14 15 16 17 18 19 20]
872	1101101000		[4 6 7 9 10]	[8 10 11 12 13 14 15 16 17 18 19 20]
873	1101101001		[1 4 6 7 9 10]	[2 5 7 8 10 11 12 13 14 15 16 17 18 19 20]
874	1101101010		[2 4 6 7 9 10]	[4 6 8 9 10 11 12 13 14 15 16 17 18 19 20]
875	1101101011		[1 2 4 6 7 9 10]	[2 3 4 5 6 7 8 9 10 11 12 13 14 15 16 17 18 19 20]
876	1101101100		[3 4 6 7 9 10]	[6 7 8 9 10 11 12 13 14 15 16 17 18 19 20]
877	1101101101		[1 3 4 6 7 9 10]	[2 4 5 6 7 8 9 10 11 12 13 14 15 16 17 18 19 20]
878	1101101110		[2 3 4 6 7 9 10]	[4 5 6 7 8 9 10 11 12 13 14 15 16 17 18 19 20]
879	1101101111		[1 2 3 4 6 7 9 10]	[2 3 4 5 6 7 8 9 10 11 12 13 14 15 16 17 18 19 20]
880	1101110000		[5 6 7 9 10]	[10 11 12 13 14 15 16 17 18 19 20]
881	1101110001		[1 5 6 7 9 10]	[2 6 7 8 10 11 12 13 14 15 16 17 18 19 20]
882	1101110010		[2 5 6 7 9 10]	[4 7 8 9 10 11 12 13 14 15 16 17 18 19 20]
883	1101110011		[1 2 5 6 7 9 10]	[2 3 4 6 7 8 9 10 11 12 13 14 15 16 17 18 19 20]
884	1101110100		[3 5 6 7 9 10]	[6 8 9 10 11 12 13 14 15 16 17 18 19 20]
885	1101110101		[1 3 5 6 7 9 10]	[2 4 6 7 8 9 10 11 12 13 14 15 16 17 18 19 20]
886	1101110110		[2 3 5 6 7 9 10]	[4 5 6 7 8 9 10 11 12 13 14 15 16 17 18 19 20]
887	1101110111		[1 2 3 5 6 7 9 10]	[2 3 4 5 6 7 8 9 10 11 12 13 14 15 16 17 18 19 20]
888	1101111000		[4 5 6 7 9 10]	[8 9 10 11 12 13 14 15 16 17 18 19 20]
889	1101111001		[1 4 5 6 7 9 10]	[2 5 6 7 8 9 10 11 12 13 14 15 16 17 18 19 20]
890	1101111010		[2 4 5 6 7 9 10]	[4 6 7 8 9 10 11 12 13 14 15 16 17 18 19 20]
891	1101111011		[1 2 4 5 6 7 9 10]	[2 3 4 5 6 7 8 9 10 11 12 13 14 15 16 17 18 19 20]
892	1101111100		[3 4 5 6 7 9 10]	[6 7 8 9 10 11 12 13 14 15 16 17 18 19 20]
893	1101111101		[1 3 4 5 6 7 9 10]	[2 4 5 6 7 8 9 10 11 12 13 14 15 16 17 18 19 20]
894	1101111110		[2 3 4 5 6 7 9 10]	[4 5 6 7 8 9 10 11 12 13 14 15 16 17 18 19 20]
895	1101111111		[1 2 3 4 5 6 7 9 10]	[2 3 4 5 6 7 8 9 10 11 12 13 14 15 16 17 18 19 20]
896	1110000000		[8 9 10]	[16 17 18 19 20]
897	1110000001		[1 8 9 10]	[2 9 10 11 16 17 18 19 20]
898	1110000010		[2 8 9 10]	[4 10 11 12 16 17 18 19 20]
899	1110000011		[1 2 8 9 10]	[2 3 4 9 10 11 12 16 17 18 19 20]
900	1110000100		[3 8 9 10]	[6 11 12 13 16 17 18 19 20]
901	1110000101		[1 3 8 9 10]	[2 4 6 9 10 11 12 13 16 17 18 19 20]
902	1110000110		[2 3 8 9 10]	[4 5 6 10 11 12 13 16 17 18 19 20]
903	1110000111		[1 2 3 8 9 10]	[2 3 4 5 6 9 10 11 12 13 16 17 18 19 20]
904	1110001000		[4 8 9 10]	[8 12 13 14 16 17 18 19 20]
905	1110001001		[1 4 8 9 10]	[2 5 8 9 10 11 12 13 14 16 17 18 19 20]
906	1110001010		[2 4 8 9 10]	[4 6 8 10 11 12 13 14 16 17 18 19 20]
907	1110001011		[1 2 4 8 9 10]	[2 3 4 5 6 8 9 10 11 12 13 14 16 17 18 19 20]
908	1110001100		[3 4 8 9 10]	[6 7 8 11 12 13 14 16 17 18 19 20]
909	1110001101		[1 3 4 8 9 10]	[2 4 5 6 7 8 9 10 11 12 13 14 16 17 18 19 20]
910	1110001110		[2 3 4 8 9 10]	[4 5 6 7 8 10 11 12 13 14 16 17 18 19 20]
911	1110001111		[1 2 3 4 8 9 10]	[2 3 4 5 6 7 8 9 10 11 12 13 14 16 17 18 19 20]
912	1110010000		[5 8 9 10]	[10 13 14 15 16 17 18 19 20]
913	1110010001		[1 5 8 9 10]	[2 6 9 10 11 13 14 15 16 17 18 19 20]
914	1110010010		[2 5 8 9 10]	[4 7 10 11 12 13 14 15 16 17 18 19 20]
915	1110010011		[1 2 5 8 9 10]	[2 3 4 6 7 9 10 11 12 13 14 15 16 17 18 19 20]
916	1110010100		[3 5 8 9 10]	[6 8 10 11 12 13 14 15 16 17 18 19 20]
917	1110010101		[1 3 5 8 9 10]	[2 4 6 8 9 10 11 12 13 14 15 16 17 18 19 20]
918	1110010110		[2 3 5 8 9 10]	[4 5 6 7 8 10 11 12 13 14 15 16 17 18 19 20]
919	1110010111		[1 2 3 5 8 9 10]	[2 3 4 5 6 7 8 9 10 11 12 13 14 15 16 17 18 19 20]
920	1110011000		[4 5 8 9 10]	[8 9 10 12 13 14 15 16 17 18 19 20]
921	1110011001		[1 4 5 8 9 10]	[2 5 6 8 9 10 11 12 13 14 15 16 17 18 19 20]
922	1110011010		[2 4 5 8 9 10]	[4 6 7 8 9 10 11 12 13 14 15 16 17 18 19 20]
923	1110011011		[1 2 4 5 8 9 10]	[2 3 4 5 6 7 8 9 10 11 12 13 14 15 16 17 18 19 20]
924	1110011100		[3 4 5 8 9 10]	[6 7 8 9 10 11 12 13 14 15 16 17 18 19 20]
925	1110011101		[1 3 4 5 8 9 10]	[2 4 5 6 7 8 9 10 11 12 13 14 15 16 17 18 19 20]
926	1110011110		[2 3 4 5 8 9 10]	[4 5 6 7 8 9 10 11 12 13 14 15 16 17 18 19 20]
927	1110011111		[1 2 3 4 5 8 9 10]	[2 3 4 5 6 7 8 9 10 11 12 13 14 15 16 17 18 19 20]
928	1110100000		[6 8 9 10]	[12 14 15 16 17 18 19 20]
929	1110100001		[1 6 8 9 10]	[2 7 9 10 11 12 14 15 16 17 18 19 20]
930	1110100010		[2 6 8 9 10]	[4 8 10 11 12 14 15 16 17 18 19 20]
931	1110100011		[1 2 6 8 9 10]	[2 3 4 7 8 9 10 11 12 14 15 16 17 18 19 20]
932	1110100100		[3 6 8 9 10]	[6 9 11 12 13 14 15 16 17 18 19 20]
933	1110100101		[1 3 6 8 9 10]	[2 4 6 7 9 10 11 12 13 14 15 16 17 18 19 20]
934	1110100110		[2 3 6 8 9 10]	[4 5 6 8 9 10 11 12 13 14 15 16 17 18 19 20]
935	1110100111		[1 2 3 6 8 9 10]	[2 3 4 5 6 7 8 9 10 11 12 13 14 15 16 17 18 19 20]
936	1110101000		[4 6 8 9 10]	[8 10 12 13 14 15 16 17 18 19 20]
937	1110101001		[1 4 6 8 9 10]	[2 5 7 8 9 10 11 12 13 14 15 16 17 18 19 20]
938	1110101010		[2 4 6 8 9 10]	[4 6 8 10 11 12 13 14 15 16 17 18 19 20]
939	1110101011		[1 2 4 6 8 9 10]	[2 3 4 5 6 7 8 9 10 11 12 13 14 15 16 17 18 19 20]
940	1110101100		[3 4 6 8 9 10]	[6 7 8 9 10 11 12 13 14 15 16 17 18 19 20]
941	1110101101		[1 3 4 6 8 9 10]	[2 4 5 6 7 8 9 10 11 12 13 14 15 16 17 18 19 20]
942	1110101110		[2 3 4 6 8 9 10]	[4 5 6 7 8 9 10 11 12 13 14 15 16 17 18 19 20]
943	1110101111		[1 2 3 4 6 8 9 10]	[2 3 4 5 6 7 8 9 10 11 12 13 14 15 16 17 18 19 20]
944	1110110000		[5 6 8 9 10]	[10 11 12 13 14 15 16 17 18 19 20]
945	1110110001		[1 5 6 8 9 10]	[2 6 7 9 10 11 12 13 14 15 16 17 18 19 20]
946	1110110010		[2 5 6 8 9 10]	[4 7 8 10 11 12 13 14 15 16 17 18 19 20]
947	1110110011		[1 2 5 6 8 9 10]	[2 3 4 6 7 8 9 10 11 12 13 14 15 16 17 18 19 20]
948	1110110100		[3 5 6 8 9 10]	[6 8 9 10 11 12 13 14 15 16 17 18 19 20]
949	1110110101		[1 3 5 6 8 9 10]	[2 4 6 7 8 9 10 11 12 13 14 15 16 17 18 19 20]
950	1110110110		[2 3 5 6 8 9 10]	[4 5 6 7 8 9 10 11 12 13 14 15 16 17 18 19 20]
951	1110110111		[1 2 3 5 6 8 9 10]	[2 3 4 5 6 7 8 9 10 11 12 13 14 15 16 17 18 19 20]
952	1110111000		[4 5 6 8 9 10]	[8 9 10 11 12 13 14 15 16 17 18 19 20]
953	1110111001		[1 4 5 6 8 9 10]	[2 5 6 7 8 9 10 11 12 13 14 15 16 17 18 19 20]
954	1110111010		[2 4 5 6 8 9 10]	[4 6 7 8 9 10 11 12 13 14 15 16 17 18 19 20]
955	1110111011		[1 2 4 5 6 8 9 10]	[2 3 4 5 6 7 8 9 10 11 12 13 14 15 16 17 18 19 20]
956	1110111100		[3 4 5 6 8 9 10]	[6 7 8 9 10 11 12 13 14 15 16 17 18 19 20]
957	1110111101		[1 3 4 5 6 8 9 10]	[2 4 5 6 7 8 9 10 11 12 13 14 15 16 17 18 19 20]
958	1110111110		[2 3 4 5 6 8 9 10]	[4 5 6 7 8 9 10 11 12 13 14 15 16 17 18 19 20]
959	1110111111		[1 2 3 4 5 6 8 9 10]	[2 3 4 5 6 7 8 9 10 11 12 13 14 15 16 17 18 19 20]
960	1111000000		[7 8 9 10]	[14 15 16 17 18 19 20]
961	1111000001		[1 7 8 9 10]	[2 8 9 10 11 14 15 16 17 18 19 20]
962	1111000010		[2 7 8 9 10]	[4 9 10 11 12 14 15 16 17 18 19 20]
963	1111000011		[1 2 7 8 9 10]	[2 3 4 8 9 10 11 12 14 15 16 17 18 19 20]
964	1111000100		[3 7 8 9 10]	[6 10 11 12 13 14 15 16 17 18 19 20]
965	1111000101		[1 3 7 8 9 10]	[2 4 6 8 9 10 11 12 13 14 15 16 17 18 19 20]
966	1111000110		[2 3 7 8 9 10]	[4 5 6 9 10 11 12 13 14 15 16 17 18 19 20]
967	1111000111		[1 2 3 7 8 9 10]	[2 3 4 5 6 8 9 10 11 12 13 14 15 16 17 18 19 20]
968	1111001000		[4 7 8 9 10]	[8 11 12 13 14 15 16 17 18 19 20]
969	1111001001		[1 4 7 8 9 10]	[2 5 8 9 10 11 12 13 14 15 16 17 18 19 20]
970	1111001010		[2 4 7 8 9 10]	[4 6 8 9 10 11 12 13 14 15 16 17 18 19 20]
971	1111001011		[1 2 4 7 8 9 10]	[2 3 4 5 6 8 9 10 11 12 13 14 15 16 17 18 19 20]
972	1111001100		[3 4 7 8 9 10]	[6 7 8 10 11 12 13 14 15 16 17 18 19 20]
973	1111001101		[1 3 4 7 8 9 10]	[2 4 5 6 7 8 9 10 11 12 13 14 15 16 17 18 19 20]
974	1111001110		[2 3 4 7 8 9 10]	[4 5 6 7 8 9 10 11 12 13 14 15 16 17 18 19 20]
975	1111001111		[1 2 3 4 7 8 9 10]	[2 3 4 5 6 7 8 9 10 11 12 13 14 15 16 17 18 19 20]
976	1111010000		[5 7 8 9 10]	[10 12 13 14 15 16 17 18 19 20]
977	1111010001		[1 5 7 8 9 10]	[2 6 8 9 10 11 12 13 14 15 16 17 18 19 20]
978	1111010010		[2 5 7 8 9 10]	[4 7 9 10 11 12 13 14 15 16 17 18 19 20]
979	1111010011		[1 2 5 7 8 9 10]	[2 3 4 6 7 8 9 10 11 12 13 14 15 16 17 18 19 20]
980	1111010100		[3 5 7 8 9 10]	[6 8 10 11 12 13 14 15 16 17 18 19 20]
981	1111010101		[1 3 5 7 8 9 10]	[2 4 6 8 9 10 11 12 13 14 15 16 17 18 19 20]
982	1111010110		[2 3 5 7 8 9 10]	[4 5 6 7 8 9 10 11 12 13 14 15 16 17 18 19 20]
983	1111010111		[1 2 3 5 7 8 9 10]	[2 3 4 5 6 7 8 9 10 11 12 13 14 15 16 17 18 19 20]
984	1111011000		[4 5 7 8 9 10]	[8 9 10 11 12 13 14 15 16 17 18 19 20]
985	1111011001		[1 4 5 7 8 9 10]	[2 5 6 8 9 10 11 12 13 14 15 16 17 18 19 20]
986	1111011010		[2 4 5 7 8 9 10]	[4 6 7 8 9 10 11 12 13 14 15 16 17 18 19 20]
987	1111011011		[1 2 4 5 7 8 9 10]	[2 3 4 5 6 7 8 9 10 11 12 13 14 15 16 17 18 19 20]
988	1111011100		[3 4 5 7 8 9 10]	[6 7 8 9 10 11 12 13 14 15 16 17 18 19 20]
989	1111011101		[1 3 4 5 7 8 9 10]	[2 4 5 6 7 8 9 10 11 12 13 14 15 16 17 18 19 20]
990	1111011110		[2 3 4 5 7 8 9 10]	[4 5 6 7 8 9 10 11 12 13 14 15 16 17 18 19 20]
991	1111011111		[1 2 3 4 5 7 8 9 10]	[2 3 4 5 6 7 8 9 10 11 12 13 14 15 16 17 18 19 20]
992	1111100000		[6 7 8 9 10]	[12 13 14 15 16 17 18 19 20]
993	1111100001		[1 6 7 8 9 10]	[2 7 8 9 10 11 12 13 14 15 16 17 18 19 20]
994	1111100010		[2 6 7 8 9 10]	[4 8 9 10 11 12 13 14 15 16 17 18 19 20]
995	1111100011		[1 2 6 7 8 9 10]	[2 3 4 7 8 9 10 11 12 13 14 15 16 17 18 19 20]
996	1111100100		[3 6 7 8 9 10]	[6 9 10 11 12 13 14 15 16 17 18 19 20]
997	1111100101		[1 3 6 7 8 9 10]	[2 4 6 7 8 9 10 11 12 13 14 15 16 17 18 19 20]
998	1111100110		[2 3 6 7 8 9 10]	[4 5 6 8 9 10 11 12 13 14 15 16 17 18 19 20]
999	1111100111		[1 2 3 6 7 8 9 10]	[2 3 4 5 6 7 8 9 10 11 12 13 14 15 16 17 18 19 20]
1000	1111101000		[4 6 7 8 9 10]	[8 10 11 12 13 14 15 16 17 18 19 20]
1001	1111101001		[1 4 6 7 8 9 10]	[2 5 7 8 9 10 11 12 13 14 15 16 17 18 19 20]
1002	1111101010		[2 4 6 7 8 9 10]	[4 6 8 9 10 11 12 13 14 15 16 17 18 19 20]
1003	1111101011		[1 2 4 6 7 8 9 10]	[2 3 4 5 6 7 8 9 10 11 12 13 14 15 16 17 18 19 20]
1004	1111101100		[3 4 6 7 8 9 10]	[6 7 8 9 10 11 12 13 14 15 16 17 18 19 20]
1005	1111101101		[1 3 4 6 7 8 9 10]	[2 4 5 6 7 8 9 10 11 12 13 14 15 16 17 18 19 20]
1006	1111101110		[2 3 4 6 7 8 9 10]	[4 5 6 7 8 9 10 11 12 13 14 15 16 17 18 19 20]
1007	1111101111		[1 2 3 4 6 7 8 9 10]	[2 3 4 5 6 7 8 9 10 11 12 13 14 15 16 17 18 19 20]
1008	1111110000		[5 6 7 8 9 10]	[10 11 12 13 14 15 16 17 18 19 20]
1009	1111110001		[1 5 6 7 8 9 10]	[2 6 7 8 9 10 11 12 13 14 15 16 17 18 19 20]
1010	1111110010		[2 5 6 7 8 9 10]	[4 7 8 9 10 11 12 13 14 15 16 17 18 19 20]
1011	1111110011		[1 2 5 6 7 8 9 10]	[2 3 4 6 7 8 9 10 11 12 13 14 15 16 17 18 19 20]
1012	1111110100		[3 5 6 7 8 9 10]	[6 8 9 10 11 12 13 14 15 16 17 18 19 20]
1013	1111110101		[1 3 5 6 7 8 9 10]	[2 4 6 7 8 9 10 11 12 13 14 15 16 17 18 19 20]
1014	1111110110		[2 3 5 6 7 8 9 10]	[4 5 6 7 8 9 10 11 12 13 14 15 16 17 18 19 20]
1015	1111110111		[1 2 3 5 6 7 8 9 10]	[2 3 4 5 6 7 8 9 10 11 12 13 14 15 16 17 18 19 20]
1016	1111111000		[4 5 6 7 8 9 10]	[8 9 10 11 12 13 14 15 16 17 18 19 20]
1017	1111111001		[1 4 5 6 7 8 9 10]	[2 5 6 7 8 9 10 11 12 13 14 15 16 17 18 19 20]
1018	1111111010		[2 4 5 6 7 8 9 10]	[4 6 7 8 9 10 11 12 13 14 15 16 17 18 19 20]
1019	1111111011		[1 2 4 5 6 7 8 9 10]	[2 3 4 5 6 7 8 9 10 11 12 13 14 15 16 17 18 19 20]
1020	1111111100		[3 4 5 6 7 8 9 10]	[6 7 8 9 10 11 12 13 14 15 16 17 18 19 20]
1021	1111111101		[1 3 4 5 6 7 8 9 10]	[2 4 5 6 7 8 9 10 11 12 13 14 15 16 17 18 19 20]
1022	1111111110		[2 3 4 5 6 7 8 9 10]	[4 5 6 7 8 9 10 11 12 13 14 15 16 17 18 19 20]
1023	1111111111		[1 2 3 4 5 6 7 8 9 10]	[2 3 4 5 6 7 8 9 10 11 12 13 14 15 16 17 18 19 20]
